0 0.162820 0.455813 0.028310 0.028536
0 0.131633 0.472297 0.028310 0.028536
0 0.109805 0.452688 0.028310 0.028536
0 0.064820 0.500359 0.028310 0.028536
0 0.045211 0.478977 0.028321 0.028547
0 0.063477 0.414375 0.028310 0.028536
0 0.014023 0.448234 0.028310 0.028536
0 0.086195 0.434875 0.028310 0.028536
0 0.118273 0.421508 0.028321 0.028547
0 0.091539 0.399234 0.028310 0.028536
0 0.070164 0.380523 0.028321 0.028547
0 0.066602 0.321273 0.028321 0.028547
0 0.111148 0.330625 0.028310 0.028536
0 0.180195 0.324391 0.028310 0.028536
0 0.198008 0.335969 0.028310 0.028536
0 0.165937 0.372500 0.028299 0.028524
0 0.213602 0.348891 0.028310 0.028536
0 0.231430 0.361367 0.028321 0.028547
0 0.246570 0.376516 0.028310 0.028536
0 0.263500 0.392109 0.028299 0.028524
0 0.251477 0.443781 0.028310 0.028536
0 0.268398 0.457141 0.028310 0.028536
0 0.286227 0.475859 0.028310 0.028536
0 0.300914 0.423289 0.028321 0.028547
0 0.285336 0.409922 0.028310 0.028536
0 0.414523 0.429523 0.028321 0.028547
0 0.401602 0.378742 0.028321 0.028547
0 0.386008 0.366711 0.028321 0.028547
0 0.353492 0.339539 0.028321 0.028547
0 0.331664 0.316375 0.028310 0.028536
0 0.318742 0.306570 0.028321 0.028547
0 0.305820 0.295875 0.028310 0.028536
0 0.286227 0.323500 0.028310 0.028536
0 0.254148 0.296328 0.028310 0.028536
0 0.242555 0.286078 0.028310 0.028536
0 0.272414 0.270047 0.028310 0.028536
0 0.286664 0.278508 0.028321 0.028547
0 0.347695 0.244648 0.028321 0.028547
0 0.323641 0.226391 0.028299 0.028524
0 0.300023 0.209906 0.028310 0.028536
0 0.284031 0.199250 0.031809 0.032172
0 0.241188 0.240625 0.030921 0.031249
0 0.219453 0.262484 0.031766 0.032127
0 0.194898 0.246875 0.028310 0.028536
0 0.203805 0.210344 0.028310 0.028536
0 0.225633 0.082047 0.028934 0.025609
0 0.237664 0.094516 0.028934 0.025609
0 0.251570 0.159672 0.035876 0.029393
0 0.250133 0.142633 0.028941 0.025622
0 0.242555 0.128375 0.028674 0.024511
0 0.238992 0.112781 0.028674 0.024511
0 0.263945 0.171141 0.029026 0.026860
0 0.274195 0.184953 0.029026 0.026860
0 0.451930 0.809922 0.019387 0.026376
0 0.398492 0.798500 0.027114 0.021364
0 0.471477 0.928867 0.024266 0.015141
0 0.396820 0.892094 0.026328 0.014656
0 0.402430 0.939461 0.026328 0.015578
0 0.586148 0.903805 0.028601 0.025786
0 0.509703 0.847281 0.029015 0.026450
0 0.595094 0.792008 0.028588 0.025777
0 0.662180 0.904445 0.028601 0.025786
0 0.622570 0.990680 0.026784 0.028468
0 0.660258 0.970242 0.026784 0.028468
0 0.675586 0.962633 0.030627 0.033476
0 0.473773 0.723992 0.029036 0.026472
0 0.552180 0.728000 0.029028 0.026459
0 0.519156 0.679891 0.036060 0.030921
0 0.508180 0.665164 0.034459 0.032172
0 0.447211 0.703141 0.034823 0.035529
0 0.471992 0.671875 0.025117 0.017267
0 0.431445 0.687469 0.028310 0.028536
0 0.409750 0.664594 0.029469 0.029740
0 0.377109 0.681625 0.030119 0.030416
0 0.353039 0.743594 0.028310 0.028536
0 0.328992 0.725773 0.028321 0.028547
0 0.305383 0.705727 0.028321 0.028547
0 0.283547 0.684789 0.028310 0.028535
0 0.315617 0.628219 0.028310 0.028536
0 0.301805 0.619305 0.028000 0.028759
0 0.281547 0.599039 0.026953 0.027197
0 0.275977 0.554703 0.028310 0.028536
0 0.355148 0.535141 0.032513 0.032904
0 0.377422 0.550328 0.030726 0.031046
0 0.407398 0.519516 0.028310 0.028536
0 0.228305 0.635781 0.028310 0.028536
0 0.205586 0.619305 0.028321 0.028547
0 0.181086 0.602375 0.028310 0.028536
0 0.234539 0.557828 0.028310 0.028536
0 0.246672 0.566563 0.032069 0.032442
0 0.257258 0.577875 0.028310 0.028536
0 0.269289 0.588562 0.028310 0.028536
0 0.110695 0.539117 0.028321 0.028547
0 0.198008 0.529766 0.028310 0.028536
0 0.189555 0.475859 0.028310 0.028536
0 0.177961 0.511047 0.028310 0.028536
0 0.153461 0.491000 0.028310 0.028536