0 0.232766 0.437969 0.029664 0.031956
0 0.192195 0.130156 0.030910 0.031238
0 0.202852 0.094094 0.030910 0.031238
0 0.284000 0.079344 0.030921 0.031249
0 0.300391 0.089180 0.030932 0.031260
0 0.322516 0.106391 0.030921 0.031249
0 0.343008 0.124422 0.030910 0.031238
0 0.305305 0.180156 0.030910 0.031238
0 0.319242 0.187531 0.030910 0.031238
0 0.330719 0.196547 0.030921 0.031249
0 0.132359 0.352281 0.030921 0.031249
0 0.155313 0.371953 0.030921 0.031249
0 0.111055 0.335891 0.030910 0.031238
0 0.299836 0.302969 0.030910 0.031238
0 0.285133 0.290172 0.030910 0.031238
0 0.267109 0.273562 0.030921 0.031249
0 0.268055 0.338547 0.030910 0.031238
0 0.354383 0.415391 0.030910 0.031238
0 0.408453 0.398789 0.030932 0.031260
0 0.380469 0.433891 0.030921 0.031249
0 0.414625 0.310094 0.030921 0.031249
0 0.398023 0.260281 0.030910 0.031238
0 0.387109 0.249852 0.030932 0.031260
0 0.352484 0.219492 0.030932 0.031260
0 0.339203 0.210008 0.030932 0.031260
0 0.250508 0.326219 0.030910 0.031238
0 0.185523 0.358945 0.030921 0.031249
0 0.274695 0.436734 0.030910 0.031238
0 0.245289 0.446219 0.030910 0.031238
0 0.316906 0.508359 0.030921 0.031249
0 0.302680 0.501242 0.030921 0.031249
0 0.279914 0.478477 0.030921 0.031249
0 0.269000 0.468984 0.030921 0.031249
0 0.258094 0.459031 0.030921 0.031249
0 0.203547 0.499820 0.030932 0.031260
0 0.228211 0.516891 0.030910 0.031238
0 0.283703 0.566219 0.030921 0.031249
0 0.306953 0.585672 0.030921 0.031249
0 0.329719 0.604172 0.030921 0.031249
0 0.352016 0.625516 0.030921 0.031249
0 0.178883 0.392625 0.030910 0.031238
0 0.285859 0.354969 0.030921 0.031249
0 0.195297 0.414070 0.030932 0.031260
0 0.164250 0.337109 0.030921 0.031249
0 0.165969 0.253109 0.030921 0.031249
0 0.117609 0.302281 0.030921 0.031249
0 0.092203 0.281797 0.030921 0.031249
0 0.069250 0.262125 0.030921 0.031249
0 0.068437 0.203109 0.030921 0.031249
0 0.111875 0.212125 0.030921 0.031249
0 0.178266 0.201469 0.030921 0.031249
0 0.197117 0.216219 0.030910 0.031238
0 0.212688 0.230156 0.030921 0.031249
0 0.230719 0.244094 0.030921 0.031249
0 0.248750 0.260484 0.030921 0.031249
0 0.286453 0.204750 0.030921 0.031249
0 0.287273 0.159672 0.030910 0.031238
0 0.272516 0.151469 0.030921 0.031249
0 0.252844 0.176875 0.030921 0.031249
0 0.240555 0.165406 0.030910 0.031238
0 0.240555 0.119500 0.030910 0.031238
0 0.086469 0.312937 0.030921 0.031249
0 0.063516 0.290813 0.030921 0.031249
0 0.014336 0.328516 0.030910 0.031238
0 0.044664 0.360477 0.030921 0.031249
0 0.067609 0.379328 0.030921 0.031249
0 0.088922 0.399820 0.030932 0.031260
0 0.113516 0.420312 0.030921 0.031249
0 0.180719 0.481781 0.030921 0.031249
0 0.252633 0.042164 0.037557 0.029536
0 0.273375 0.064727 0.030932 0.031260
0 0.263609 0.054516 0.032155 0.028863
0 0.240523 0.008336 0.032082 0.025969
0 0.247187 0.025656 0.032234 0.027262
0 0.163008 0.429695 0.031898 0.029819
0 0.379594 0.563711 0.030932 0.031260
0 0.407305 0.544531 0.030910 0.031238
0 0.430750 0.567977 0.030932 0.031260
0 0.446727 0.581828 0.030910 0.031238
0 0.472836 0.604734 0.030910 0.031238
0 0.519719 0.558391 0.030921 0.031249
0 0.551688 0.605273 0.030932 0.031260
0 0.508531 0.546133 0.030932 0.031260
0 0.401977 0.678266 0.031451 0.023432
0 0.469641 0.553063 0.029147 0.017994
0 0.508000 0.725680 0.032252 0.027860
0 0.595906 0.668141 0.032234 0.027262
0 0.584187 0.784820 0.032204 0.028594
0 0.452594 0.691047 0.021459 0.030749
0 0.472305 0.810930 0.028477 0.016777
0 0.401437 0.820516 0.028492 0.016762
0 0.398250 0.773633 0.028492 0.016778
0 0.662508 0.784289 0.032231 0.028104
0 0.624148 0.872203 0.027782 0.032231
0 0.659844 0.850891 0.027789 0.032245
0 0.675828 0.842359 0.027789 0.032245
0 0.218422 0.145734 0.030921 0.031249