0 0.276031 0.292914 0.012625 0.029578
0 0.294305 0.294227 0.012609 0.029578
0 0.308656 0.297703 0.012625 0.029594
0 0.258859 0.293359 0.012625 0.029594
0 0.326930 0.295531 0.014743 0.030438
0 0.345203 0.293352 0.014757 0.030423
0 0.358695 0.290305 0.014742 0.030422
0 0.390453 0.282039 0.021691 0.032089
0 0.419164 0.268992 0.021677 0.032083
0 0.506617 0.234617 0.021677 0.032083
0 0.522711 0.228531 0.021682 0.032098
0 0.430477 0.191984 0.021682 0.032098
0 0.412203 0.197203 0.021697 0.032103
0 0.382188 0.208516 0.021697 0.032103
0 0.321711 0.102359 0.014090 0.030194
0 0.300891 0.227453 0.029669 0.025848
0 0.228609 0.060594 0.017336 0.031272
0 0.214438 0.048195 0.015024 0.026733
0 0.199891 0.047102 0.015024 0.026733
0 0.184148 0.042734 0.015172 0.028426
0 0.153344 0.036664 0.015186 0.028412
0 0.139422 0.034484 0.015188 0.028428
0 0.125062 0.034055 0.015186 0.028412
0 0.077641 0.025359 0.015188 0.028428
0 0.244266 0.170664 0.028834 0.016350
0 0.242961 0.149344 0.028848 0.016336
0 0.282117 0.131516 0.028848 0.016336
0 0.346945 0.142820 0.028832 0.016334
0 0.343031 0.175453 0.028850 0.016352
0 0.272984 0.193289 0.028834 0.016350
0 0.237312 0.204602 0.028834 0.016350
0 0.237312 0.220266 0.028850 0.016352
0 0.155953 0.208078 0.028850 0.016352
0 0.158562 0.194156 0.028850 0.016352
0 0.161172 0.173281 0.028850 0.016352
0 0.169000 0.138469 0.028850 0.016352
0 0.138109 0.111500 0.028850 0.016352
0 0.132891 0.148906 0.028850 0.016352
0 0.129844 0.168484 0.028850 0.016352
0 0.123320 0.205469 0.028848 0.016336
0 0.047188 0.178500 0.028850 0.016352
0 0.050664 0.156742 0.028832 0.016334
0 0.058930 0.110625 0.028848 0.016336
0 0.383922 0.076687 0.016747 0.028982
0 0.374352 0.147172 0.016732 0.028980
0 0.402633 0.152391 0.016732 0.028980
0 0.428734 0.083219 0.016747 0.028982
0 0.462234 0.091047 0.016747 0.028982
0 0.453539 0.156313 0.016732 0.028980
0 0.480945 0.163266 0.016732 0.028980
0 0.549039 0.147828 0.034304 0.021375
0 0.129180 0.275266 0.019699 0.031947
