0 0.522656 0.154805 0.029645 0.022738
0 0.247484 0.462688 0.022120 0.030083
0 0.262672 0.457625 0.022120 0.030083
0 0.134563 0.424188 0.022120 0.030083
0 0.793656 0.160258 0.029645 0.022738
0 0.808453 0.180461 0.029645 0.022738
0 0.814258 0.204398 0.029650 0.022752
0 0.822234 0.223258 0.029645 0.022738
0 0.717047 0.155789 0.029645 0.022738
0 0.703266 0.140555 0.029645 0.022738
0 0.693109 0.115164 0.029645 0.022738
0 0.638703 0.235586 0.029645 0.022738
0 0.568344 0.250094 0.029659 0.022744
0 0.560359 0.234859 0.029659 0.022744
0 0.605344 0.166680 0.029645 0.022738
0 0.565445 0.087602 0.029650 0.022752
0 0.535781 0.180133 0.029645 0.022738
0 0.540937 0.194664 0.029645 0.022738
0 0.518430 0.221398 0.029650 0.022752
0 0.527344 0.234055 0.029645 0.022738
0 0.532500 0.250930 0.029645 0.022738
0 0.536719 0.265008 0.029645 0.022738
0 0.518430 0.142617 0.029650 0.022752
0 0.502484 0.113539 0.029645 0.022738
0 0.480922 0.138867 0.029645 0.022738
0 0.470133 0.114953 0.029665 0.022758
0 0.464859 0.098875 0.035034 0.024872
0 0.409172 0.139336 0.029645 0.022738
0 0.419016 0.167008 0.029645 0.022738
0 0.391359 0.178258 0.029645 0.022738
0 0.396516 0.192320 0.029645 0.022738
0 0.408234 0.216711 0.029645 0.022738
0 0.414938 0.234102 0.031795 0.023589
0 0.456484 0.245711 0.032376 0.023819
0 0.463562 0.259852 0.029645 0.022738
0 0.377969 0.151063 0.032042 0.023687
0 0.363891 0.122758 0.032841 0.024003
0 0.349156 0.247180 0.029645 0.022738
0 0.357578 0.264172 0.031490 0.023468
0 0.377750 0.302516 0.029659 0.022744
0 0.290531 0.226648 0.031504 0.023474
0 0.322969 0.193797 0.031664 0.023537
0 0.301797 0.153867 0.029645 0.022738
0 0.264750 0.171695 0.029645 0.022738
0 0.280219 0.198883 0.029645 0.022738
0 0.308359 0.265477 0.029645 0.022738
0 0.321484 0.291727 0.029645 0.022738
0 0.339313 0.322680 0.029645 0.022738
0 0.282562 0.365352 0.029645 0.022738
0 0.293359 0.409430 0.029645 0.022738
0 0.267563 0.337211 0.029645 0.022738
0 0.222547 0.307680 0.029645 0.022738
0 0.230047 0.253750 0.029659 0.022744
0 0.216922 0.227023 0.029645 0.022738
0 0.185031 0.228430 0.029645 0.022738
0 0.175656 0.211547 0.029659 0.022744
0 0.112359 0.241086 0.029645 0.022738
0 0.133922 0.352227 0.029645 0.022738
0 0.084687 0.408492 0.029645 0.022738
0 0.062656 0.365820 0.029645 0.022738
0 0.031234 0.300641 0.029659 0.022744
0 0.466375 0.025859 0.014807 0.026748
0 0.467859 0.276906 0.029659 0.022744