0 0.183867 0.348438 0.025002 0.029781
0 0.170219 0.340414 0.026867 0.032744
0 0.154422 0.330039 0.026867 0.032744
0 0.115148 0.312430 0.026107 0.032764
0 0.020711 0.238391 0.030417 0.027465
0 0.134102 0.257812 0.030417 0.027465
0 0.047586 0.199008 0.030404 0.027456
0 0.249633 0.269328 0.030417 0.027465
0 0.231680 0.222375 0.030417 0.027465
0 0.249914 0.198078 0.030417 0.027465
0 0.285539 0.206906 0.030417 0.027465
0 0.281117 0.159961 0.030404 0.027456
0 0.217867 0.135102 0.030404 0.027456
0 0.172305 0.204156 0.030417 0.027465
0 0.188039 0.176812 0.030417 0.027465
0 0.199922 0.165766 0.030408 0.027452
0 0.207648 0.151953 0.030417 0.027465
0 0.171750 0.143937 0.030408 0.027452
0 0.159039 0.160234 0.030417 0.027465
0 0.152414 0.042578 0.030417 0.027465
0 0.259852 0.046172 0.025555 0.030604
0 0.517156 0.434836 0.023614 0.031828
0 0.228805 0.367633 0.026881 0.032751
0 0.394313 0.391414 0.023614 0.031828
0 0.473531 0.503586 0.023614 0.031828
0 0.454125 0.499742 0.023614 0.031828
0 0.490906 0.508555 0.023614 0.031828
0 0.214898 0.360508 0.026881 0.032751
0 0.299898 0.064953 0.025555 0.030604
0 0.326977 0.078484 0.025555 0.030604
0 0.286414 0.058484 0.025555 0.030604