0 0.118586 0.495516 0.018172 0.024281
0 0.236266 0.261820 0.026258 0.028228
0 0.609453 0.375680 0.033703 0.021309
0 0.565938 0.364914 0.033703 0.021309
0 0.531773 0.357430 0.033688 0.021306
0 0.457828 0.338711 0.033703 0.021309
0 0.193422 0.377555 0.033703 0.021309
0 0.190617 0.415461 0.033688 0.021306
0 0.183125 0.442602 0.033703 0.021309
0 0.203250 0.493617 0.033703 0.021309
0 0.114805 0.417336 0.033688 0.021306
0 0.111523 0.435117 0.033688 0.021306
0 0.121352 0.360242 0.033688 0.021306
0 0.126500 0.339648 0.033703 0.021309
0 0.084383 0.340117 0.033688 0.021306
0 0.084852 0.357430 0.033688 0.021306
0 0.088125 0.387383 0.033703 0.021309
0 0.075961 0.402820 0.033688 0.021306
0 0.074555 0.417805 0.033688 0.021306
0 0.071750 0.446820 0.033703 0.021309
0 0.073148 0.432773 0.033688 0.021306
0 0.066359 0.473742 0.033926 0.023608
0 0.067070 0.490805 0.033688 0.021306
0 0.064727 0.503445 0.033688 0.021306
0 0.058648 0.520289 0.033688 0.021306
0 0.097484 0.283023 0.033703 0.021309
0 0.138672 0.047633 0.033703 0.021309
0 0.135391 0.078977 0.033703 0.021309
0 0.131180 0.107523 0.033688 0.021306
0 0.126500 0.121102 0.033703 0.021309
0 0.122289 0.135602 0.033688 0.021306
0 0.121492 0.152164 0.042403 0.022609
0 0.060984 0.112680 0.033703 0.021309
0 0.063320 0.094430 0.033688 0.021306
0 0.066133 0.079445 0.033688 0.021306
0 0.047461 0.017867 0.048770 0.023560
0 0.029516 0.071992 0.046560 0.023230
0 0.031500 0.086945 0.033703 0.021309
0 0.027758 0.104258 0.033688 0.021306
0 0.025414 0.118758 0.033688 0.021306
0 0.024945 0.134211 0.033688 0.021306
0 0.021203 0.152930 0.033703 0.021309
0 0.057242 0.139820 0.033688 0.021306
0 0.053961 0.153852 0.033688 0.021306
0 0.051625 0.167898 0.033703 0.021309
0 0.051156 0.184273 0.033703 0.021309
0 0.043672 0.201133 0.033703 0.021309
0 0.014859 0.195992 0.027553 0.020389
0 0.030563 0.271789 0.033703 0.021309
0 0.024945 0.319523 0.033688 0.021306
0 0.090469 0.326539 0.033703 0.021309
0 0.017461 0.345258 0.033688 0.021306
0 0.016055 0.374273 0.033688 0.021306
0 0.012781 0.406570 0.033703 0.021309
0 0.011969 0.422945 0.027398 0.020366
0 0.011305 0.438266 0.019504 0.019202
0 0.003602 0.483820 0.015329 0.018562
0 0.004367 0.467227 0.018729 0.019071
0 0.007250 0.451320 0.018899 0.019096
0 0.143352 0.673320 0.033688 0.021306
0 0.272516 0.279742 0.026258 0.028228
0 0.291703 0.283023 0.026258 0.028228
0 0.309953 0.287695 0.026258 0.028228
0 0.328672 0.293320 0.026258 0.028228
0 0.346453 0.301273 0.026258 0.028228
0 0.367516 0.305492 0.027256 0.027678
0 0.388102 0.312508 0.028425 0.025524
0 0.410094 0.322336 0.028493 0.024333
0 0.815828 0.601242 0.021746 0.028101
0 0.958570 0.582523 0.033688 0.021306
0 0.951547 0.609211 0.033703 0.021309
0 0.858891 0.553977 0.033703 0.021309
0 0.797117 0.513742 0.033688 0.021306
0 0.801328 0.496414 0.033703 0.021309
0 0.787289 0.555383 0.033688 0.021306
0 0.784016 0.575508 0.033703 0.021309
0 0.901008 0.513273 0.033688 0.021306
0 0.893523 0.543219 0.033690 0.021322
0 0.962313 0.549305 0.033703 0.021309
0 0.727383 0.418742 0.033688 0.021306