0 0.167211 0.371008 0.033688 0.021306
0 0.305000 0.495188 0.020122 0.027031
0 0.380977 0.378273 0.033688 0.021306
0 0.097016 0.540883 0.033703 0.021309
0 0.092336 0.558195 0.033688 0.021306
0 0.160664 0.631195 0.024420 0.034827
0 0.099359 0.622773 0.024424 0.034842
0 0.077852 0.619008 0.022429 0.029279
0 0.131180 0.631664 0.022429 0.029279
0 0.151773 0.491742 0.033688 0.021306
0 0.182656 0.480977 0.033703 0.021309
0 0.185938 0.464602 0.033703 0.021309
0 0.185000 0.451492 0.033703 0.021309
0 0.191547 0.436523 0.033703 0.021309
0 0.196695 0.421539 0.033688 0.021306
0 0.197633 0.406102 0.033688 0.021306
0 0.165344 0.400492 0.033703 0.021309
0 0.163008 0.418273 0.033688 0.021306
0 0.154109 0.458508 0.033703 0.021309
0 0.040961 0.605445 0.022487 0.032418
0 0.278125 0.389258 0.033703 0.021309
0 0.260344 0.400492 0.033703 0.021309
0 0.265961 0.418273 0.033688 0.021306
0 0.260813 0.432773 0.033703 0.021309
0 0.261281 0.447289 0.033703 0.021309
0 0.252852 0.474898 0.033688 0.021306
0 0.253789 0.491273 0.033688 0.021306
0 0.250047 0.504383 0.033703 0.021309
0 0.244898 0.519352 0.033688 0.021306
0 0.278125 0.357898 0.033703 0.021309
0 0.278594 0.339180 0.033703 0.021309
0 0.210273 0.317648 0.033688 0.021306
0 0.178914 0.312508 0.033688 0.021306
0 0.177977 0.327945 0.033688 0.021306
0 0.126500 0.256820 0.033703 0.021309
0 0.127438 0.239961 0.033703 0.021309
0 0.150367 0.281148 0.027179 0.035512
0 0.643617 0.338242 0.033688 0.021306
0 0.716625 0.356023 0.033703 0.021309
0 0.750320 0.363977 0.033688 0.021306
0 0.795242 0.373336 0.033688 0.021306
0 0.915984 0.419211 0.033703 0.021309
0 0.978227 0.559133 0.033688 0.021306
0 0.973547 0.572695 0.033703 0.021309
0 0.986180 0.516539 0.033688 0.021306
0 0.421234 0.262578 0.028061 0.026691
0 0.479875 0.283008 0.027618 0.027328
0 0.499172 0.288305 0.027618 0.027328
0 0.517328 0.294742 0.027618 0.027328
0 0.535109 0.300039 0.027618 0.027328
0 0.556688 0.306844 0.027629 0.027339
0 0.575219 0.312898 0.028297 0.026040
0 0.600187 0.320844 0.028479 0.023808
0 0.458688 0.278852 0.027618 0.027328
0 0.989125 0.501313 0.033705 0.021324
0 0.136477 0.212586 0.033688 0.021306
0 0.150555 0.139289 0.033688 0.021306
0 0.147680 0.157539 0.033688 0.021306
0 0.140328 0.186680 0.033703 0.021309
0 0.202844 0.195758 0.027707 0.020412
0 0.229609 0.199461 0.027707 0.020412
0 0.234094 0.184430 0.027707 0.020412
0 0.237609 0.168742 0.027707 0.020412
0 0.242531 0.154273 0.031138 0.020925
0 0.241687 0.138898 0.035218 0.021535
0 0.204969 0.178336 0.027707 0.020412
0 0.211445 0.149555 0.032328 0.021103
0 0.212648 0.134414 0.030906 0.020890
0 0.247852 0.112414 0.027692 0.020410
0 0.248492 0.096727 0.027692 0.020410
0 0.254766 0.081414 0.032560 0.021138
0 0.215516 0.088711 0.035990 0.021650
0 0.215125 0.104969 0.035220 0.021550
0 0.214328 0.119758 0.036176 0.021678
0 0.238375 0.019539 0.049422 0.031508
0 0.324195 0.049781 0.038695 0.025470
0 0.324664 0.078164 0.027692 0.020410
0 0.319867 0.107289 0.027692 0.020410
0 0.310375 0.120281 0.032375 0.018889
0 0.311859 0.134500 0.032375 0.018889
0 0.306219 0.150734 0.044119 0.020644
0 0.173437 0.218867 0.028998 0.035747
0 0.330297 0.675633 0.033703 0.021309
0 0.378008 0.419445 0.033688 0.021306
0 0.386062 0.491930 0.033703 0.021309
0 0.367945 0.441086 0.033688 0.021306
0 0.298250 0.435117 0.033703 0.021309
0 0.301523 0.416867 0.033688 0.021306
0 0.311352 0.359773 0.033688 0.021306
0 0.316031 0.341523 0.033703 0.021309
0 0.287953 0.285367 0.033703 0.021309
0 0.214016 0.288633 0.033703 0.021309
0 0.221031 0.273664 0.033703 0.021309
0 0.189680 0.265242 0.033688 0.021306
0 0.185000 0.283492 0.033703 0.021309
0 0.119016 0.312977 0.033703 0.021309
0 0.114336 0.331227 0.033688 0.021306
0 0.110586 0.357430 0.033688 0.021306
0 0.103102 0.386445 0.033688 0.021306
0 0.103102 0.402820 0.033688 0.021306
0 0.097484 0.435586 0.033703 0.021309
0 0.090938 0.463195 0.033703 0.021309
0 0.041328 0.488930 0.033703 0.021309
0 0.036648 0.508117 0.033688 0.021306
0 0.030563 0.547898 0.033703 0.021309
0 0.028695 0.564273 0.033688 0.021306
0 0.125102 0.565680 0.033688 0.021306
0 0.127906 0.549773 0.033703 0.021309