0 0.150078 0.414953 0.026469 0.014562
0 0.119656 0.411656 0.026469 0.014562
0 0.130906 0.287258 0.027307 0.016136
0 0.146781 0.493047 0.027308 0.016151
0 0.143469 0.524156 0.027308 0.016151
0 0.035609 0.598266 0.027308 0.016151
0 0.031641 0.614148 0.027307 0.016136
0 0.031641 0.632016 0.027308 0.016151
0 0.030328 0.645906 0.027308 0.016151
0 0.103109 0.616797 0.027308 0.016151
0 0.105750 0.584367 0.027307 0.016136
0 0.142813 0.567828 0.027308 0.016151
0 0.140172 0.592969 0.027308 0.016151
0 0.135531 0.618117 0.027307 0.016136
0 0.134203 0.650539 0.027307 0.016136
0 0.103109 0.646570 0.027307 0.016136
0 0.202359 0.634656 0.027308 0.016151
0 0.199719 0.658484 0.027308 0.016151
0 0.230828 0.656500 0.027308 0.016151
0 0.237727 0.547492 0.033187 0.016495
0 0.312875 0.504961 0.027307 0.016136
0 0.346625 0.475187 0.027308 0.016151
0 0.355219 0.371297 0.027308 0.016151
0 0.424047 0.340859 0.027308 0.016151
0 0.465062 0.237625 0.027308 0.016151
0 0.524625 0.302477 0.027307 0.016136
0 0.447203 0.407031 0.027308 0.016151
0 0.449844 0.455336 0.027307 0.016136
0 0.443891 0.499008 0.027307 0.016136
0 0.512719 0.487758 0.027307 0.016136
0 0.507422 0.521508 0.027307 0.016136
0 0.503453 0.555250 0.027308 0.016151
0 0.503453 0.572453 0.027308 0.016151
0 0.502125 0.600250 0.027308 0.016151
0 0.433313 0.577750 0.027308 0.016151
0 0.437937 0.563859 0.027308 0.016151
0 0.439922 0.545328 0.027308 0.016151
0 0.408828 0.530109 0.027308 0.016151
0 0.408828 0.559883 0.027307 0.016136
0 0.402203 0.575766 0.027308 0.016151
0 0.433969 0.626719 0.027308 0.016151
0 0.320156 0.582383 0.027307 0.016136
0 0.338016 0.549961 0.027307 0.016136
0 0.343313 0.522828 0.027308 0.016151
0 0.334703 0.633336 0.027307 0.016136
0 0.301625 0.629367 0.027307 0.016136
0 0.400219 0.657156 0.027308 0.016151
0 0.430656 0.642602 0.027307 0.016136
0 0.428016 0.657820 0.027307 0.016136
0 0.334703 0.713406 0.027308 0.016151
0 0.338016 0.668406 0.027308 0.016151
0 0.302281 0.661789 0.027307 0.016136
0 0.394922 0.673703 0.027308 0.016151
0 0.431984 0.676344 0.027308 0.016151
0 0.496172 0.680312 0.027308 0.016151
0 0.537859 0.686273 0.027307 0.016136
0 0.539844 0.669063 0.027308 0.016151
0 0.539844 0.651859 0.027308 0.016151
0 0.541828 0.635984 0.027308 0.016151
0 0.542484 0.623406 0.027308 0.016151
0 0.497500 0.617453 0.027308 0.016151
0 0.497500 0.632672 0.027308 0.016151
0 0.498156 0.647234 0.027308 0.016151
0 0.497500 0.663109 0.027308 0.016151
0 0.545797 0.604883 0.027307 0.016136
0 0.544469 0.586359 0.027308 0.016151
0 0.548438 0.557234 0.027308 0.016151
0 0.549109 0.539375 0.027308 0.016151
0 0.552422 0.506281 0.027308 0.016151
0 0.555719 0.480484 0.027308 0.016151
0 0.557047 0.449375 0.027308 0.016151
0 0.556391 0.433500 0.027308 0.016151
0 0.029656 0.685609 0.027308 0.016151
0 0.054805 0.729281 0.016239 0.027338
0 0.072016 0.733250 0.016240 0.027353
0 0.085906 0.733914 0.016225 0.027352
0 0.101781 0.735906 0.016240 0.027353
0 0.706594 0.770312 0.016240 0.027353
0 0.730422 0.772953 0.016240 0.027353
0 0.748281 0.702156 0.016240 0.027353
0 0.714531 0.698844 0.016240 0.027353
0 0.717844 0.665094 0.016240 0.027353
0 0.738359 0.669063 0.016240 0.027353
0 0.766148 0.703477 0.016224 0.027337
0 0.782031 0.682969 0.016240 0.027353
0 0.795922 0.708766 0.016240 0.027353
0 0.827031 0.710094 0.016240 0.027353
0 0.874672 0.712078 0.016240 0.027353
0 0.865406 0.608187 0.016240 0.027353
0 0.837609 0.608852 0.016225 0.027352
0 0.803859 0.569148 0.016225 0.027352
0 0.743656 0.566500 0.016240 0.027353
0 0.725781 0.564516 0.016240 0.027353
0 0.723141 0.599594 0.016240 0.027353
0 0.739687 0.601578 0.016240 0.027353
0 0.759531 0.596937 0.016240 0.027353
0 0.735703 0.464594 0.016240 0.027353
0 0.742328 0.396438 0.016240 0.027353
0 0.608000 0.689578 0.027308 0.016151
0 0.609328 0.672375 0.027308 0.016151
0 0.609984 0.658484 0.027308 0.016151
0 0.610641 0.641281 0.027308 0.016151
0 0.643062 0.645250 0.027308 0.016151
0 0.643062 0.659805 0.027307 0.016136
0 0.639766 0.676344 0.027308 0.016151
0 0.640422 0.692891 0.027308 0.016151
0 0.646375 0.611500 0.027308 0.016151
0 0.615938 0.592313 0.027308 0.016151
0 0.615938 0.579078 0.027308 0.016151
0 0.646375 0.581063 0.027308 0.016151
0 0.653000 0.563859 0.027308 0.016151
0 0.658297 0.534734 0.027308 0.016151
0 0.619250 0.532750 0.027308 0.016151
0 0.840266 0.874203 0.027308 0.016151
0 0.709250 0.899344 0.027308 0.016151
0 0.631828 0.901328 0.027308 0.016151
0 0.837609 0.919859 0.027308 0.016151
0 0.940844 0.716711 0.027307 0.016136
0 0.946141 0.651859 0.027308 0.016151
0 0.957391 0.512906 0.027308 0.016151
0 0.624547 0.470555 0.027307 0.016136
0 0.628516 0.438789 0.027307 0.016136
0 0.632437 0.376750 0.032517 0.016470
0 0.562344 0.292547 0.027308 0.016151
0 0.658297 0.503641 0.027308 0.016151
0 0.619883 0.513102 0.033873 0.016537
0 0.534547 0.197266 0.027308 0.016151
0 0.531234 0.214469 0.027308 0.016151
0 0.519328 0.162195 0.029878 0.027590
0 0.441906 0.516875 0.027308 0.016151
0 0.363164 0.510258 0.025852 0.030181
0 0.276484 0.513562 0.016901 0.027680
0 0.291125 0.391937 0.025873 0.030203
0 0.238766 0.573156 0.027312 0.016214
