0 0.677891 0.900641 0.025873 0.030203
0 0.564453 0.434055 0.030093 0.024023
0 0.363328 0.368766 0.025873 0.030203
0 0.289938 0.250563 0.025873 0.030203
0 0.275641 0.372578 0.014701 0.026545
0 0.101719 0.503766 0.027312 0.016214
0 0.100656 0.471859 0.027312 0.016214
0 0.135750 0.476641 0.027312 0.016214
0 0.141594 0.453250 0.027312 0.016214
0 0.146906 0.425609 0.027312 0.016214
0 0.104375 0.444219 0.027312 0.016214
0 0.141063 0.380938 0.027312 0.016214
0 0.147969 0.351172 0.027312 0.016214
0 0.236766 0.404344 0.027312 0.016214
0 0.237828 0.430922 0.027312 0.016214
0 0.203266 0.494187 0.027312 0.016214
0 0.130953 0.506953 0.027312 0.016214
0 0.201141 0.515992 0.027313 0.016229
0 0.232516 0.513867 0.027313 0.016229
0 0.298969 0.487812 0.027312 0.016214
0 0.335656 0.489938 0.027312 0.016214
0 0.337781 0.525563 0.027312 0.016214
0 0.300563 0.519719 0.027312 0.016214
0 0.333531 0.570750 0.027312 0.016214
0 0.337781 0.409656 0.027312 0.016214
0 0.343641 0.381477 0.027313 0.016229
0 0.311734 0.362867 0.027313 0.016229
0 0.345766 0.333625 0.027312 0.016214
0 0.317578 0.439430 0.027313 0.016229
0 0.447312 0.312891 0.027312 0.016214
0 0.446781 0.265570 0.027313 0.016229
0 0.557906 0.292156 0.027312 0.016214
0 0.557375 0.308102 0.027313 0.016229
0 0.558969 0.338406 0.027312 0.016214
0 0.552063 0.369250 0.027312 0.016214
0 0.549922 0.396891 0.027312 0.016214
0 0.549922 0.414438 0.027312 0.016214
0 0.546203 0.444750 0.027312 0.016214
0 0.544078 0.460695 0.027313 0.016229
0 0.543547 0.479305 0.027313 0.016229
0 0.542484 0.492594 0.027312 0.016214
0 0.540891 0.507484 0.027312 0.016214
0 0.539297 0.526094 0.027312 0.016214
0 0.538766 0.542578 0.027312 0.016214
0 0.497297 0.538328 0.027312 0.016214
0 0.497297 0.521312 0.027312 0.016214
0 0.497297 0.503766 0.027312 0.016214
0 0.431891 0.501109 0.027312 0.016214
0 0.431359 0.483563 0.027312 0.016214
0 0.434547 0.437836 0.027313 0.016229
0 0.436148 0.422945 0.027298 0.016228
0 0.438281 0.407531 0.027312 0.016214
0 0.442000 0.374031 0.027312 0.016214
0 0.441469 0.358078 0.027312 0.016214
0 0.406375 0.387859 0.027312 0.016214
0 0.406906 0.417625 0.027312 0.016214
0 0.403187 0.432516 0.027312 0.016214
0 0.398391 0.512266 0.027312 0.016214
0 0.396797 0.530344 0.027312 0.016214
0 0.431359 0.533539 0.027313 0.016229
0 0.428172 0.517055 0.027313 0.016229
0 0.507922 0.378281 0.027312 0.016214
0 0.507922 0.344258 0.027313 0.016229
0 0.504203 0.410187 0.027312 0.016214
0 0.504203 0.428266 0.027312 0.016214
0 0.500484 0.456445 0.027313 0.016229
0 0.495172 0.473984 0.027312 0.016214
0 0.496234 0.489938 0.027312 0.016214
0 0.606281 0.546828 0.027312 0.016214
0 0.608414 0.531937 0.027297 0.016213
0 0.610016 0.516523 0.027313 0.016229
0 0.609484 0.501109 0.027312 0.016214
0 0.641375 0.502703 0.027312 0.016214
0 0.640312 0.518117 0.027313 0.016229
0 0.640312 0.534062 0.027312 0.016214
0 0.639781 0.551078 0.027312 0.016214
0 0.646156 0.470266 0.027312 0.016214
0 0.648828 0.437305 0.027313 0.016229
0 0.650422 0.421883 0.027313 0.016229
0 0.655203 0.390516 0.027312 0.016214
0 0.655734 0.360203 0.027312 0.016214
0 0.617984 0.370844 0.027312 0.016214
0 0.617453 0.389984 0.027312 0.016214
0 0.614266 0.432516 0.027312 0.016214
0 0.612141 0.450063 0.027312 0.016214
0 0.632344 0.233141 0.027312 0.016214
0 0.564281 0.150188 0.027312 0.016214
0 0.522813 0.159766 0.027312 0.016214
0 0.421266 0.198578 0.027312 0.016214
0 0.354797 0.226219 0.027312 0.016214
0 0.514844 0.270891 0.027312 0.016214
0 0.627555 0.296406 0.027297 0.016213
0 0.623297 0.330969 0.027312 0.016214
0 0.733891 0.324586 0.017284 0.027833
0 0.532922 0.055547 0.027312 0.016214
0 0.532375 0.071500 0.027312 0.016214
0 0.464859 0.095430 0.027313 0.016229
0 0.520156 0.018867 0.030199 0.026493
0 0.133094 0.145406 0.027312 0.016214
0 0.149562 0.271422 0.027312 0.016214
0 0.119797 0.268758 0.027313 0.016229
0 0.042172 0.380938 0.027312 0.016214
0 0.035797 0.409125 0.027312 0.016214
0 0.035250 0.456445 0.027313 0.016229
0 0.031531 0.473453 0.027312 0.016214
0 0.032594 0.489938 0.027312 0.016214
0 0.029937 0.506953 0.027312 0.016214
0 0.030469 0.545234 0.027312 0.016214
0 0.056000 0.587766 0.017312 0.027852
0 0.071938 0.592555 0.017327 0.027854
0 0.086297 0.593086 0.017327 0.027854
0 0.102781 0.595750 0.017312 0.027852
0 0.705711 0.628172 0.017310 0.027837
0 0.730172 0.631898 0.017327 0.027854
0 0.748781 0.561719 0.017312 0.027852
0 0.764734 0.561719 0.017312 0.027852
0 0.781750 0.539391 0.017312 0.027852
0 0.738672 0.525563 0.017312 0.027852
0 0.719000 0.522375 0.017312 0.027852
0 0.713688 0.555867 0.017327 0.027854
0 0.795562 0.565969 0.017312 0.027852
0 0.824812 0.568094 0.017312 0.027852
0 0.876383 0.568625 0.017310 0.027837
0 0.867344 0.463891 0.017312 0.027852
0 0.837570 0.466016 0.017310 0.027837
0 0.804609 0.426672 0.017312 0.027852
0 0.759406 0.458570 0.017327 0.027854
0 0.739734 0.459102 0.017327 0.027854
0 0.724859 0.456977 0.017327 0.027854
0 0.728578 0.425609 0.017312 0.027852
0 0.743469 0.427203 0.017312 0.027852
0 0.840234 0.730266 0.027312 0.016214
0 0.835438 0.776516 0.027312 0.016214
0 0.711562 0.756313 0.027312 0.016214
0 0.632344 0.759500 0.027312 0.016214
0 0.940188 0.573414 0.027313 0.016229
0 0.946031 0.509609 0.027312 0.016214
0 0.955609 0.368188 0.027312 0.016214
0 0.739734 0.252812 0.017268 0.027832
