0 0.148820 0.326281 0.027359 0.014438
0 0.150523 0.312125 0.027359 0.014438
0 0.119898 0.293609 0.027359 0.014438
0 0.153086 0.279578 0.027359 0.014438
0 0.217539 0.283406 0.027359 0.014438
0 0.250414 0.331906 0.027359 0.014437
0 0.214992 0.359984 0.027359 0.014437
0 0.207977 0.419984 0.027359 0.014438
0 0.209570 0.436891 0.027359 0.014438
0 0.139680 0.434031 0.027359 0.014437
0 0.141273 0.417750 0.027359 0.014438
0 0.107445 0.431469 0.027359 0.014438
0 0.136164 0.450297 0.027359 0.014438
0 0.304336 0.447750 0.027359 0.014438
0 0.302742 0.065766 0.027359 0.014438
0 0.302742 0.080438 0.027359 0.014438
0 0.101070 0.082672 0.016311 0.028300
0 0.133930 0.015672 0.016311 0.028300
0 0.241797 0.020125 0.016310 0.028284
0 0.210836 0.087469 0.016311 0.028300
0 0.235727 0.157031 0.016311 0.028300
0 0.195211 0.228516 0.016311 0.028300
0 0.063414 0.289781 0.016311 0.028300
0 0.033734 0.221172 0.027344 0.014437