0 0.451070 0.309227 0.028631 0.021750
0 0.462164 0.337070 0.028631 0.021750
0 0.501961 0.352602 0.028631 0.021750
0 0.482055 0.377352 0.028631 0.021750
0 0.520422 0.395383 0.036448 0.024533
0 0.405859 0.364242 0.028646 0.021756
0 0.393727 0.334148 0.028631 0.021750
0 0.379648 0.307945 0.028631 0.021750
0 0.351586 0.238305 0.032694 0.023197
0 0.417992 0.225914 0.028631 0.021750
0 0.464930 0.253273 0.028631 0.021750
0 0.458414 0.240914 0.028631 0.021750
0 0.448008 0.225945 0.028631 0.021750
0 0.501023 0.175211 0.028631 0.021750
0 0.491273 0.145602 0.028631 0.021750
0 0.436305 0.186586 0.028631 0.021750
0 0.400523 0.185617 0.028631 0.021750
0 0.386211 0.158289 0.028631 0.021750
0 0.415164 0.147555 0.028631 0.021750
0 0.403125 0.119914 0.028617 0.021745
0 0.373523 0.132602 0.028631 0.021750
0 0.359867 0.105602 0.028631 0.021750
0 0.302945 0.130648 0.028631 0.021750
0 0.312695 0.156336 0.028631 0.021750
0 0.320180 0.171305 0.028631 0.021750
0 0.332227 0.198945 0.028631 0.021750
0 0.567148 0.696430 0.028631 0.021750
0 0.501742 0.681383 0.028631 0.021750
0 0.576977 0.810039 0.028631 0.021750
0 0.475039 0.836133 0.028631 0.021750
0 0.432961 0.755383 0.028631 0.021750
0 0.418539 0.727445 0.028631 0.021750
0 0.383523 0.663883 0.029010 0.024240
0 0.370602 0.637461 0.028922 0.023251
0 0.576727 0.529414 0.042720 0.030918
0 0.649477 0.500211 0.028631 0.021750
0 0.681117 0.632461 0.028938 0.025657
0 0.316539 0.336898 0.028631 0.021750
0 0.327273 0.355117 0.028631 0.021750
0 0.364086 0.445992 0.028631 0.021750
0 0.311430 0.495711 0.028631 0.021750
0 0.285523 0.438055 0.028631 0.021750
0 0.278008 0.417570 0.028631 0.021750
0 0.263789 0.380383 0.028631 0.021750
0 0.243320 0.341508 0.028631 0.021750
0 0.238305 0.321039 0.028631 0.021750
0 0.211555 0.261695 0.028631 0.021750
0 0.227430 0.302234 0.028626 0.021736
0 0.219492 0.284680 0.028631 0.021750
0 0.239977 0.160148 0.028631 0.021750
0 0.134242 0.152633 0.028631 0.021750