0 0.115805 0.297211 0.023207 0.028206
0 0.076742 0.274898 0.023207 0.028206
0 0.061852 0.266391 0.023214 0.028220
0 0.042711 0.258414 0.023207 0.028206
0 0.057070 0.175477 0.023207 0.028206
0 0.096945 0.198336 0.023207 0.028206
0 0.117148 0.204711 0.023207 0.028206
0 0.130437 0.212164 0.023193 0.028200
0 0.152773 0.172281 0.023214 0.028220
0 0.142664 0.218008 0.023207 0.028206
0 0.155961 0.228109 0.023214 0.028220
0 0.140008 0.309992 0.023207 0.028206
0 0.154898 0.317961 0.023207 0.028206
0 0.229336 0.221195 0.023207 0.028206
0 0.175633 0.336570 0.028313 0.023949
0 0.169250 0.350398 0.028327 0.024171
0 0.154898 0.376445 0.028334 0.024185
0 0.146914 0.390273 0.028334 0.024185
0 0.133633 0.415789 0.028334 0.024185
0 0.207531 0.420047 0.028341 0.024178
0 0.255914 0.336039 0.026751 0.027946
0 0.321844 0.230242 0.028327 0.024171
