0 0.308852 0.549492 0.025419 0.033480
0 0.406164 0.624523 0.025419 0.033480
0 0.459367 0.598148 0.025419 0.033480
0 0.430273 0.684555 0.025419 0.033480
0 0.441180 0.712289 0.025419 0.033480
0 0.387977 0.704102 0.025419 0.033480
0 0.329773 0.756398 0.025419 0.033480
0 0.382070 0.846445 0.025419 0.033480
0 0.398891 0.805055 0.025405 0.033474
0 0.437539 0.787320 0.025419 0.033480
0 0.446633 0.768680 0.025419 0.033480
0 0.482570 0.702289 0.025419 0.033480
0 0.468914 0.665914 0.025419 0.033480
0 0.493023 0.761852 0.025419 0.033480
0 0.526219 0.753211 0.025405 0.033474
0 0.522125 0.792773 0.025405 0.033474
0 0.506211 0.796867 0.025419 0.033480
0 0.533945 0.860086 0.025419 0.033480
0 0.491203 0.875086 0.025405 0.033474
0 0.450727 0.896008 0.025419 0.033480
0 0.563961 0.848711 0.025419 0.033480
0 0.558508 0.885555 0.025419 0.033480
0 0.544867 0.959211 0.025419 0.033480
0 0.530766 0.966945 0.025405 0.033474
0 0.517117 0.973773 0.025419 0.033480
0 0.475742 0.991508 0.025419 0.033480
0 0.458461 0.996508 0.025419 0.033480
0 0.638086 0.862352 0.033621 0.027947
0 0.468914 0.451727 0.033582 0.026283
0 0.459820 0.433539 0.033595 0.026429
0 0.305297 0.387609 0.050656 0.033199
0 0.126953 0.286648 0.025405 0.033474
0 0.197437 0.261633 0.025405 0.033474
0 0.313883 0.319195 0.025419 0.033480
0 0.310211 0.283922 0.025414 0.033466
0 0.309758 0.210711 0.025419 0.033480
0 0.339773 0.306211 0.025419 0.033480
0 0.272016 0.338039 0.025405 0.033474
0 0.238367 0.348492 0.025419 0.033480
0 0.271555 0.302570 0.025419 0.033480
0 0.253367 0.232086 0.025419 0.033480
0 0.226086 0.211617 0.025419 0.033480
0 0.222898 0.246180 0.025419 0.033480
0 0.215633 0.142039 0.025419 0.033480
0 0.161055 0.165227 0.025419 0.033480
0 0.187430 0.160680 0.025419 0.033480
0 0.327492 0.435805 0.025419 0.033480
0 0.371602 0.421258 0.025419 0.033480
0 0.353414 0.423523 0.025419 0.033480
0 0.341133 0.506289 0.025419 0.033480
0 0.323398 0.510383 0.025419 0.033480
0 0.396617 0.519477 0.025419 0.033480
0 0.228359 0.549492 0.025405 0.033474
0 0.321586 0.617250 0.025414 0.033466
0 0.267930 0.566773 0.025419 0.033480
0 0.237914 0.577227 0.025419 0.033480
0 0.446633 0.566773 0.025419 0.033480
0 0.417539 0.578148 0.025419 0.033480