0 0.127227 0.433430 0.033618 0.026788
0 0.006164 0.304758 0.025419 0.033480
0 0.038852 0.419367 0.025419 0.033480
0 0.008273 0.505305 0.025419 0.033480
0 0.114250 0.565945 0.025405 0.033474
0 0.084727 0.577008 0.025419 0.033480
0 0.069961 0.584914 0.025419 0.033480
0 0.070492 0.624992 0.025419 0.033480
0 0.093164 0.681414 0.025419 0.033480
0 0.110555 0.713039 0.025419 0.033480
0 0.149055 0.700391 0.025414 0.033466
0 0.137977 0.667180 0.025419 0.033480
0 0.191227 0.754695 0.025419 0.033480
0 0.160648 0.764711 0.025419 0.033480
0 0.173305 0.797398 0.025419 0.033480
0 0.187539 0.791078 0.025414 0.033466
0 0.229727 0.849070 0.025419 0.033480
0 0.224977 0.883883 0.025419 0.033480
0 0.198617 0.860680 0.025419 0.033480
0 0.159070 0.874914 0.025419 0.033480
0 0.104227 0.786867 0.025419 0.033480
0 0.137242 0.452086 0.033618 0.026788
0 0.113727 0.766820 0.025419 0.033480
0 0.066273 0.805320 0.025419 0.033480
0 0.048867 0.844336 0.025419 0.033480
0 0.212852 0.959273 0.025419 0.033480
0 0.196508 0.966648 0.025419 0.033480
0 0.182789 0.974570 0.025419 0.033480
0 0.143250 0.990383 0.025405 0.033474
0 0.124789 0.995648 0.025419 0.033480
0 0.304063 0.862727 0.033611 0.026774
0 0.125852 0.594945 0.025419 0.033480