0 0.673180 0.610773 0.025419 0.033480
0 0.469570 0.006070 0.021047 0.012141
0 0.543297 0.293086 0.025405 0.033474
0 0.530086 0.303008 0.025419 0.033480
0 0.515211 0.310430 0.025419 0.033480
0 0.474734 0.325133 0.025405 0.033474
0 0.458961 0.330773 0.025419 0.033480
0 0.558992 0.221430 0.025419 0.033480
0 0.563211 0.180289 0.025419 0.033480
0 0.492211 0.208477 0.025419 0.033480
0 0.382023 0.179727 0.025419 0.033480
0 0.398930 0.140555 0.025419 0.033480
0 0.436414 0.122242 0.025419 0.033480
0 0.446836 0.101398 0.025419 0.033480
0 0.506859 0.132945 0.025405 0.033474
0 0.521508 0.127039 0.025419 0.033480
0 0.524328 0.087867 0.025405 0.033474
0 0.493898 0.097164 0.025419 0.033480
0 0.587461 0.402898 0.025419 0.033480
0 0.629602 0.424320 0.025419 0.033480
0 0.657461 0.477898 0.025419 0.033480
0 0.599602 0.431461 0.025419 0.033480
0 0.573164 0.444320 0.025419 0.033480
0 0.543164 0.452180 0.025419 0.033480
0 0.586023 0.511477 0.025419 0.033480
0 0.623180 0.530039 0.025419 0.033480
0 0.640320 0.522898 0.025419 0.033480
0 0.641031 0.489336 0.025405 0.033474
0 0.677461 0.580758 0.025419 0.033480
0 0.482656 0.032773 0.021656 0.021328
0 0.636039 0.195742 0.033614 0.026717
0 0.428164 0.020008 0.025419 0.033480
0 0.441727 0.050008 0.025419 0.033480
0 0.385305 0.037148 0.025419 0.033480
0 0.331008 0.090008 0.025419 0.033480
0 0.968789 0.674227 0.025419 0.033480
0 0.957414 0.645477 0.025419 0.033480
0 0.937492 0.651164 0.025419 0.033480
0 0.921070 0.661273 0.025419 0.033480
0 0.902414 0.667602 0.025419 0.033480
0 0.886930 0.677711 0.025419 0.033480
0 0.871133 0.685289 0.025419 0.033480
0 0.856586 0.694461 0.025419 0.033480
0 0.866383 0.723539 0.025419 0.033480
0 0.942867 0.757039 0.025419 0.033480
0 0.983648 0.774742 0.025419 0.033480
0 0.885664 0.778523 0.025419 0.033480
0 0.781680 0.715633 0.033633 0.027582