0 0.437320 0.685680 0.033633 0.027208
0 0.160586 0.209430 0.025419 0.033480
0 0.144492 0.323664 0.025419 0.033480
0 0.125992 0.330914 0.025419 0.033480
0 0.101055 0.348602 0.025419 0.033480
0 0.254711 0.399289 0.025419 0.033480
0 0.267586 0.430664 0.025419 0.033480
0 0.209664 0.292289 0.025419 0.033480
0 0.195977 0.299539 0.025419 0.033480
0 0.137547 0.006219 0.020906 0.012438
0 0.183102 0.309180 0.025419 0.033480
0 0.291711 0.420211 0.025419 0.033480
0 0.239430 0.445148 0.025419 0.033480
0 0.206445 0.453195 0.025419 0.033480
0 0.255508 0.512727 0.025419 0.033480
0 0.292523 0.531227 0.025419 0.033480
0 0.306195 0.525586 0.025419 0.033480
0 0.305391 0.488586 0.025405 0.033474
0 0.327117 0.478133 0.025419 0.033480
0 0.342398 0.579492 0.025419 0.033480
0 0.343195 0.614086 0.025419 0.033480
0 0.314242 0.589148 0.025419 0.033480
0 0.191148 0.087953 0.025414 0.033466
0 0.174258 0.132195 0.025419 0.033480
0 0.189539 0.126570 0.025419 0.033480
0 0.161383 0.097602 0.025419 0.033480
0 0.109102 0.047727 0.025419 0.033480
0 0.095414 0.017164 0.025419 0.033480
0 0.051977 0.037273 0.025419 0.033480
0 0.116336 0.101633 0.025419 0.033480
0 0.105070 0.123352 0.025419 0.033480
0 0.068070 0.140242 0.025419 0.033480
0 0.048758 0.179664 0.025419 0.033480
0 0.150125 0.036461 0.025405 0.033474
0 0.228961 0.182086 0.025419 0.033480
0 0.304586 0.194148 0.033634 0.027549
0 0.226555 0.220695 0.025419 0.033480
0 0.550758 0.778195 0.025419 0.033480
0 0.607883 0.754070 0.025419 0.033480
0 0.648906 0.770961 0.025405 0.033474
0 0.536273 0.725914 0.025419 0.033480
0 0.522602 0.693727 0.025419 0.033480
0 0.537883 0.686492 0.025419 0.033480
0 0.554773 0.679242 0.025419 0.033480
0 0.568461 0.669602 0.025419 0.033480
0 0.589367 0.663961 0.025419 0.033480
0 0.604664 0.654305 0.025419 0.033480
0 0.624773 0.647867 0.025419 0.033480
0 0.636836 0.675227 0.025419 0.033480
0 0.809805 0.705805 0.025419 0.033480
0 0.850836 0.692117 0.025419 0.033480
0 0.938523 0.725102 0.033633 0.027208
0 0.878992 0.747633 0.033633 0.027208
0 0.874164 0.811180 0.033633 0.027208
0 0.448586 0.710617 0.033633 0.027208