0 0.406328 0.500953 0.029274 0.032234
0 0.324219 0.483367 0.029283 0.032246
0 0.318781 0.440227 0.029283 0.032246
0 0.261125 0.435875 0.029274 0.032234
0 0.269469 0.403609 0.029274 0.032234
0 0.336906 0.366992 0.029283 0.032246
0 0.431891 0.442398 0.029283 0.032246
0 0.469234 0.471773 0.029283 0.032246
0 0.508750 0.503672 0.029274 0.032234
0 0.536672 0.464156 0.029274 0.032234
0 0.474672 0.420289 0.029283 0.032246
0 0.459812 0.407602 0.029283 0.032246
0 0.439875 0.390195 0.029283 0.032246
0 0.391656 0.412312 0.029274 0.032234
0 0.367719 0.394906 0.029274 0.032234
0 0.414492 0.370617 0.029296 0.032255
0 0.527250 0.372070 0.029283 0.032246
0 0.541750 0.381852 0.029283 0.032246
0 0.446766 0.543914 0.029283 0.032246
0 0.406516 0.552617 0.029283 0.032246
0 0.305719 0.562047 0.029274 0.032234
0 0.453281 0.591414 0.029283 0.032246
0 0.364453 0.608453 0.029274 0.032234
0 0.471406 0.602648 0.029283 0.032246
0 0.484828 0.612078 0.029274 0.032234
0 0.509484 0.628758 0.029283 0.032246
0 0.546828 0.653773 0.029283 0.032246
0 0.435156 0.660297 0.029274 0.032234
0 0.591781 0.648695 0.029283 0.032246
0 0.568219 0.682055 0.029283 0.032246
0 0.593234 0.698727 0.029283 0.032246
0 0.524703 0.600477 0.029283 0.032246
0 0.488453 0.574008 0.029283 0.032246
0 0.465250 0.554430 0.029283 0.032246
0 0.564953 0.629477 0.029283 0.032246
0 0.618609 0.588508 0.029283 0.032246
0 0.566766 0.589602 0.032189 0.029564
0 0.664656 0.708156 0.029274 0.032234
0 0.545734 0.744047 0.029274 0.032234
0 0.632750 0.815836 0.029283 0.032246
0 0.740422 0.622953 0.029274 0.032234
0 0.510563 0.717219 0.029274 0.032234
0 0.529422 0.730273 0.029283 0.032246
0 0.453641 0.674078 0.029274 0.032234
0 0.274187 0.538117 0.029283 0.032246
0 0.218344 0.488805 0.029283 0.032246
0 0.145844 0.432617 0.029283 0.032246
0 0.132062 0.421375 0.029274 0.032234
0 0.209281 0.352125 0.029274 0.032234
0 0.171578 0.295203 0.027939 0.032321
0 0.383672 0.260758 0.029283 0.032246
0 0.459047 0.316055 0.031536 0.035513
0 0.561328 0.360461 0.029283 0.032246
0 0.586703 0.377508 0.029283 0.032246
0 0.611719 0.394906 0.029274 0.032234
0 0.625141 0.403250 0.029274 0.032234
0 0.590687 0.425727 0.029283 0.032246
0 0.611719 0.442766 0.029274 0.032234
0 0.627672 0.453281 0.029274 0.032234
0 0.652328 0.341250 0.029274 0.032234
0 0.664656 0.351039 0.029283 0.032246
0 0.678063 0.361555 0.029283 0.032246
0 0.701641 0.381852 0.029283 0.032246
0 0.690391 0.370977 0.029283 0.032246
0 0.714328 0.390195 0.029283 0.032246
0 0.647977 0.472492 0.029296 0.032255
0 0.662109 0.480469 0.029274 0.032234
0 0.682422 0.453641 0.029274 0.032234
0 0.750938 0.417023 0.029283 0.032246
0 0.729187 0.401430 0.029283 0.032246
0 0.695469 0.465969 0.029274 0.032234
0 0.707437 0.475758 0.029283 0.032246
0 0.719766 0.484461 0.029283 0.032246
0 0.733172 0.493523 0.029283 0.032246
0 0.708156 0.519625 0.029274 0.032234
0 0.724109 0.529414 0.029283 0.032246
0 0.777766 0.439141 0.029274 0.032234
0 0.802422 0.458352 0.029283 0.032246
0 0.826359 0.476484 0.029274 0.032234
0 0.777047 0.530867 0.029283 0.032246
0 0.703047 0.595273 0.029283 0.032246
0 0.335211 0.219500 0.029287 0.032242
0 0.304328 0.194789 0.029283 0.032246
0 0.378922 0.215227 0.029283 0.032246
0 0.218328 0.151078 0.031909 0.030338
0 0.098594 0.274141 0.029274 0.032234
0 0.427625 0.251336 0.029283 0.032246
0 0.589102 0.296867 0.029296 0.032255
0 0.530617 0.249461 0.029296 0.032255
0 0.396172 0.144805 0.032183 0.029586
0 0.285172 0.457758 0.029283 0.032246
0 0.490734 0.705961 0.029283 0.032246
0 0.560078 0.759508 0.029283 0.032246
0 0.708359 0.776031 0.040294 0.048208
0 0.705328 0.666555 0.029283 0.032246
