0 0.178828 0.726383 0.026635 0.034659
0 0.095320 0.694133 0.026620 0.034653
0 0.211406 0.771695 0.026635 0.034659
0 0.241812 0.781836 0.026635 0.034659
0 0.253109 0.752406 0.023870 0.027603
0 0.237766 0.668289 0.026635 0.034659
0 0.272234 0.653586 0.026635 0.034659
0 0.288953 0.659164 0.026635 0.034659
0 0.259563 0.646773 0.023490 0.030028
0 0.117625 0.594789 0.026635 0.034659
0 0.168828 0.832023 0.026635 0.034659
0 0.249703 0.970883 0.026635 0.034659
0 0.233719 0.963867 0.026635 0.034659
0 0.174047 0.940852 0.026635 0.034659
0 0.153375 0.933055 0.026635 0.034659
0 0.325750 0.907961 0.024297 0.028694
0 0.284016 0.891320 0.024297 0.028694
0 0.174047 0.616383 0.024297 0.028694
0 0.355781 0.160883 0.024297 0.028694
0 0.300781 0.218375 0.026618 0.034615
0 0.236828 0.302836 0.024297 0.028694
0 0.207820 0.292227 0.027099 0.035875
0 0.170141 0.308297 0.024292 0.028680
0 0.225750 0.329734 0.025523 0.031822
0 0.251656 0.339500 0.024292 0.028680
0 0.266859 0.344961 0.024297 0.028694
0 0.281297 0.350414 0.024297 0.028694
0 0.319500 0.336750 0.025831 0.032607
0 0.363266 0.351961 0.025221 0.031051
0 0.368641 0.382008 0.024297 0.028694
0 0.352656 0.376938 0.024292 0.028680
0 0.337844 0.372648 0.024297 0.028694
0 0.323016 0.368359 0.024292 0.028680
0 0.308203 0.364063 0.024292 0.028680
0 0.234102 0.406961 0.024283 0.028688
0 0.171437 0.386937 0.025318 0.031298
0 0.218125 0.447453 0.025877 0.032724
0 0.240125 0.569227 0.026988 0.035561
0 0.280578 0.584586 0.026053 0.033175
0 0.311172 0.593734 0.025044 0.030600
0 0.325391 0.564250 0.025945 0.032898
0 0.308828 0.558883 0.024297 0.028694
0 0.295453 0.554156 0.024292 0.028680
0 0.279312 0.548258 0.024297 0.028694
0 0.252156 0.535664 0.024297 0.028694
0 0.222250 0.525430 0.024297 0.028694
0 0.213203 0.555344 0.024292 0.028680
0 0.196672 0.549438 0.024292 0.028680
0 0.169516 0.537633 0.024297 0.028694
0 0.062469 0.457734 0.027507 0.021781
0 0.068367 0.414055 0.027519 0.021769
0 0.112891 0.863773 0.028448 0.023703
0 0.691406 0.389758 0.036109 0.026113
0 0.711234 0.349234 0.036124 0.026118
0 0.719953 0.324555 0.036109 0.026113
0 0.488109 0.219516 0.036124 0.026118
0 0.480359 0.235492 0.036109 0.026113
0 0.471156 0.260172 0.036124 0.026118
0 0.465359 0.278086 0.036109 0.026113
0 0.607172 0.389406 0.026559 0.036210
0 0.554414 0.364727 0.026569 0.036201
0 0.539406 0.359406 0.026559 0.036210
0 0.522953 0.354563 0.026559 0.036210
0 0.528766 0.278086 0.026554 0.036196
0 0.569906 0.298414 0.026554 0.036196
0 0.598945 0.309063 0.026574 0.036216
0 0.627016 0.318266 0.026559 0.036210
0 0.640578 0.325031 0.026559 0.036210
0 0.656547 0.330359 0.026559 0.036210
0 0.573031 0.234297 0.022240 0.024148
0 0.546188 0.225813 0.022240 0.024148
0 0.520531 0.216609 0.022240 0.024148
0 0.628313 0.525484 0.022240 0.024148
0 0.336719 0.687312 0.024916 0.031621