0 0.178359 0.237844 0.016140 0.028171
0 0.244039 0.324219 0.025392 0.036607
0 0.300422 0.344125 0.021886 0.030128
0 0.322727 0.339250 0.021050 0.033193
0 0.198914 0.336156 0.021963 0.030437
0 0.114242 0.173805 0.019700 0.030425
0 0.228766 0.257695 0.021901 0.027970
0 0.224508 0.113383 0.018299 0.028486
0 0.184070 0.368148 0.024847 0.035200
0 0.160211 0.379469 0.022332 0.029668
0 0.139055 0.352031 0.020297 0.029438
0 0.151922 0.275852 0.019156 0.030297
0 0.297266 0.238703 0.025872 0.032972
0 0.357445 0.226656 0.027868 0.036700
0 0.356719 0.300438 0.023174 0.033491
0 0.374727 0.297719 0.022698 0.035486
0 0.147477 0.061047 0.021414 0.026525