0 0.039352 0.043469 0.020516 0.020063
0 0.635617 0.451711 0.022734 0.022516
0 0.666164 0.299437 0.023172 0.023219
0 0.081969 0.109398 0.021344 0.020734
0 0.570289 0.183391 0.022484 0.022281
0 0.083789 0.037859 0.020266 0.019937
0 0.677328 0.489133 0.022969 0.022578
0 0.338258 0.260328 0.022953 0.022750
0 0.457422 0.255508 0.022219 0.021984
0 0.702547 0.174867 0.021687 0.021047
0 0.717102 0.541305 0.020766 0.020828
0 0.755758 0.443555 0.023984 0.023984
0 0.745789 0.414102 0.022141 0.021703
0 0.673375 0.362984 0.021687 0.021469
0 0.744594 0.383484 0.023219 0.023438
0 0.678297 0.441125 0.023000 0.022781
0 0.098062 0.109055 0.021031 0.021078
0 0.441281 0.067664 0.021250 0.020797
0 0.445891 0.114523 0.023687 0.023703
0 0.456937 0.069641 0.022687 0.021812
0 0.746211 0.487523 0.022484 0.022359
0 0.506125 0.089922 0.023313 0.022375
0 0.551844 0.145117 0.022250 0.022547
0 0.669906 0.333297 0.022719 0.022063
0 0.257258 0.122883 0.020922 0.020641
0 0.446625 0.194273 0.022156 0.022484
0 0.472672 0.139953 0.023500 0.023562
0 0.178625 0.155023 0.020500 0.020641
0 0.675227 0.458047 0.023297 0.022812
0 0.654102 0.201148 0.023109 0.022703
0 0.569063 0.121563 0.023313 0.023125
0 0.481758 0.217617 0.022078 0.021328
0 0.270766 0.130586 0.021656 0.022266
0 0.432289 0.187938 0.022422 0.022500
0 0.468672 0.209492 0.021812 0.022109
0 0.293539 0.149773 0.023891 0.023016
0 0.482883 0.270180 0.022828 0.022672
0 0.470508 0.075812 0.022922 0.022906
0 0.393125 0.214242 0.021563 0.021734
0 0.492992 0.115531 0.021672 0.021844
0 0.266547 0.170172 0.022469 0.022719
0 0.593773 0.341406 0.023172 0.021438
0 0.150883 0.109883 0.023016 0.022047
0 0.458523 0.205352 0.020766 0.022359
0 0.420094 0.094609 0.022125 0.022875
0 0.427414 0.318141 0.022578 0.022594
0 0.317602 0.202398 0.023141 0.023078
0 0.244086 0.113930 0.021422 0.020609
0 0.406234 0.220820 0.022250 0.022297
0 0.381367 0.206078 0.022203 0.021875
0 0.149195 0.092211 0.023297 0.023234
0 0.620219 0.358875 0.022281 0.022875
0 0.717453 0.175719 0.021094 0.021594
0 0.410328 0.088258 0.020875 0.021703
0 0.365539 0.098859 0.023203 0.022594
0 0.418922 0.180086 0.021781 0.021734
0 0.368875 0.196180 0.022937 0.022766
0 0.567719 0.409797 0.022750 0.022906
0 0.305492 0.104422 0.022672 0.022500
0 0.469000 0.261969 0.021250 0.022250
0 0.164805 0.148719 0.020953 0.021187
0 0.239805 0.198367 0.020641 0.020609
0 0.533563 0.171906 0.022531 0.022219
0 0.576547 0.106742 0.023781 0.023422
0 0.659055 0.184898 0.022641 0.022078
0 0.577016 0.334437 0.023781 0.023531
0 0.751445 0.472633 0.022734 0.022109
0 0.624969 0.278180 0.022500 0.022734
0 0.556406 0.318687 0.023594 0.022500
0 0.738016 0.219820 0.023594 0.022922
0 0.226711 0.188281 0.021547 0.021844
0 0.408375 0.169594 0.021719 0.022031
0 0.290469 0.096875 0.022156 0.022250
0 0.539320 0.392477 0.023578 0.023453
0 0.152570 0.126031 0.023016 0.023125
0 0.742211 0.356445 0.022234 0.021953
0 0.540336 0.311500 0.021859 0.021062
0 0.425352 0.061969 0.022672 0.021750
0 0.319320 0.113937 0.022359 0.022562
0 0.740531 0.325281 0.022219 0.021937
0 0.445000 0.247297 0.021438 0.021344
0 0.394375 0.161641 0.023062 0.022500
0 0.742344 0.340531 0.021906 0.021531
0 0.630453 0.237461 0.023438 0.023359
0 0.607664 0.350586 0.021859 0.022359
0 0.642469 0.375961 0.022562 0.023109
0 0.113039 0.108008 0.020828 0.021016
0 0.670570 0.392297 0.024141 0.023188
0 0.191711 0.165203 0.021766 0.022969
0 0.378766 0.152492 0.024313 0.024578
0 0.637250 0.285250 0.021719 0.021469
0 0.201500 0.172500 0.021688 0.022500
0 0.434750 0.099336 0.021344 0.022359
0 0.356453 0.189687 0.022250 0.022906
0 0.338797 0.180867 0.022406 0.021828
0 0.154148 0.108508 0.021453 0.021922
0 0.252680 0.205711 0.020484 0.020266
0 0.218070 0.100117 0.023266 0.022953
0 0.754148 0.451437 0.023391 0.021969
0 0.477914 0.126000 0.023734 0.023750
0 0.745398 0.296820 0.022797 0.023266
0 0.744969 0.266031 0.021906 0.020594
0 0.514805 0.379102 0.023047 0.023078
0 0.741336 0.251063 0.021578 0.021625
0 0.743180 0.283422 0.020516 0.015250
0 0.486937 0.362000 0.024219 0.023594
0 0.503187 0.369062 0.022313 0.022781
0 0.737156 0.234031 0.021469 0.021063
0 0.709281 0.325867 0.022781 0.022422
0 0.501727 0.156844 0.022516 0.023188
0 0.399609 0.302328 0.023344 0.022125
0 0.230687 0.105258 0.022094 0.021984
0 0.411453 0.311633 0.023375 0.022328
0 0.559297 0.058336 0.021531 0.020953
0 0.665430 0.348430 0.022641 0.024047
0 0.497109 0.225266 0.021969 0.021531
0 0.508445 0.233656 0.022922 0.023156
0 0.358039 0.277125 0.024359 0.023250
0 0.059203 0.039719 0.021406 0.020875
0 0.477773 0.351898 0.023516 0.022922
0 0.302617 0.152695 0.022922 0.022109
0 0.540813 0.158227 0.023750 0.022672
0 0.320703 0.161461 0.020031 0.019516
0 0.450195 0.336547 0.022578 0.022594
0 0.461938 0.345406 0.024573 0.026264
0 0.385242 0.291922 0.022578 0.022594
0 0.297156 0.235016 0.021687 0.022500
0 0.262672 0.209875 0.021688 0.022500
0 0.127656 0.039203 0.021687 0.022500
0 0.149859 0.037453 0.021687 0.022500
0 0.220000 0.033359 0.021687 0.022500
0 0.268516 0.032203 0.021687 0.022500
0 0.292469 0.031031 0.021687 0.022500
0 0.346016 0.127297 0.021687 0.022500
0 0.331594 0.121797 0.021687 0.022500
0 0.687375 0.407344 0.021687 0.022500
0 0.492484 0.278797 0.021687 0.022500
0 0.505000 0.287984 0.021687 0.022500
0 0.517094 0.296328 0.021687 0.022500
0 0.529203 0.304250 0.021687 0.022500
0 0.429984 0.241516 0.021687 0.022500
