0 0.320359 0.759383 0.034507 0.021247
0 0.316461 0.745086 0.034522 0.021250
0 0.311406 0.729930 0.034507 0.021247
0 0.305094 0.700883 0.034507 0.021247
0 0.300883 0.685305 0.034522 0.021250
0 0.246578 0.714773 0.034507 0.021247
0 0.252891 0.742555 0.034507 0.021247
0 0.297938 0.656258 0.034507 0.021247
0 0.290734 0.627258 0.031245 0.020512
0 0.267172 0.652273 0.032775 0.029683
0 0.286375 0.612133 0.031550 0.020580
0 0.283398 0.597508 0.032449 0.020783
0 0.219445 0.609984 0.034153 0.021152
0 0.220695 0.640125 0.028208 0.019813
0 0.227211 0.655836 0.034522 0.021250
0 0.232266 0.670570 0.034507 0.021247
0 0.236203 0.686117 0.027251 0.019612
0 0.241242 0.699508 0.028059 0.019794
0 0.211656 0.719648 0.028308 0.033672
0 0.207367 0.696070 0.028446 0.033779
0 0.212492 0.583016 0.034153 0.021152
0 0.209742 0.569820 0.034156 0.021168
0 0.207273 0.554414 0.034156 0.021168
0 0.203977 0.538477 0.034156 0.021168
0 0.199852 0.524727 0.034156 0.021168
0 0.196000 0.510148 0.034141 0.021164
0 0.268320 0.534352 0.034156 0.021168
0 0.272711 0.553320 0.034156 0.021168
0 0.276570 0.568711 0.034156 0.021168
0 0.279586 0.584117 0.034156 0.021168
0 0.249070 0.594836 0.015373 0.032104
0 0.216359 0.740258 0.025739 0.032413
0 0.202703 0.678258 0.027834 0.032248
0 0.194422 0.659430 0.027834 0.032248
0 0.191906 0.634836 0.027834 0.032248
0 0.187391 0.616258 0.027834 0.032248
0 0.183375 0.596680 0.027834 0.032248
0 0.176344 0.573086 0.027834 0.032248
0 0.171828 0.553508 0.027834 0.032248
0 0.167813 0.534180 0.027834 0.032248
0 0.164297 0.513336 0.027834 0.032248
0 0.158281 0.488992 0.027834 0.032248
0 0.153000 0.470414 0.027834 0.032248
0 0.137187 0.401898 0.030922 0.018991
0 0.139703 0.428492 0.030922 0.018991
0 0.143969 0.444820 0.030922 0.018991
0 0.180109 0.439039 0.030922 0.018991
0 0.188008 0.482305 0.023626 0.017810
0 0.185141 0.467664 0.030922 0.018991
0 0.176594 0.424992 0.030922 0.018991
0 0.172078 0.409172 0.030919 0.018976
0 0.168063 0.394867 0.030922 0.018991
0 0.246633 0.451086 0.030906 0.018989
0 0.165055 0.379555 0.030906 0.018989
0 0.159781 0.364742 0.030922 0.018991
0 0.155016 0.351195 0.030922 0.018991
0 0.155266 0.335883 0.030922 0.018991
0 0.121375 0.356961 0.030922 0.018991
0 0.129156 0.372023 0.030922 0.018991
0 0.133172 0.387086 0.030922 0.018991
0 0.230312 0.397117 0.030922 0.018991
0 0.225797 0.353195 0.030922 0.018991
0 0.114617 0.327305 0.030886 0.019046
0 0.148984 0.320320 0.030922 0.018991
0 0.244375 0.434773 0.030922 0.018991
0 0.261437 0.509820 0.030922 0.018991
0 0.259188 0.495773 0.030922 0.018991
0 0.256922 0.481711 0.030922 0.018991
0 0.251656 0.465898 0.030922 0.018991
0 0.221078 0.338695 0.030922 0.018991
0 0.218969 0.323070 0.030922 0.018991
0 0.215000 0.305102 0.030922 0.018991
0 0.205906 0.281289 0.030922 0.018991
0 0.204969 0.266117 0.030922 0.018991
0 0.201234 0.251430 0.030922 0.018991
0 0.197969 0.236492 0.030922 0.018991
0 0.195406 0.221789 0.030922 0.018991
0 0.193297 0.208023 0.030922 0.018991
0 0.187469 0.193555 0.030922 0.018991
0 0.184906 0.177680 0.030922 0.018991
0 0.179531 0.163680 0.030922 0.018991
0 0.150125 0.139883 0.030331 0.017495
0 0.124234 0.100680 0.026411 0.032409
0 0.082922 0.041398 0.030390 0.017638
0 0.082922 0.171617 0.030922 0.018991
0 0.078719 0.149680 0.030922 0.018991
0 0.087828 0.194945 0.032088 0.022987
0 0.090859 0.209414 0.032088 0.022987
0 0.091797 0.223648 0.032088 0.022987
0 0.096000 0.237883 0.032088 0.022987
0 0.096000 0.253992 0.032088 0.022987
0 0.102297 0.267758 0.032088 0.022987
0 0.138469 0.259117 0.030582 0.018110
0 0.134734 0.244195 0.030601 0.018157
0 0.129594 0.228789 0.031055 0.019356
0 0.127500 0.214086 0.031055 0.019356
0 0.121891 0.191445 0.030512 0.031010
0 0.116062 0.172781 0.030501 0.030999
0 0.113266 0.154117 0.030512 0.031010
0 0.109062 0.136148 0.030512 0.031010
0 0.102531 0.114914 0.030512 0.031010
0 0.099031 0.098336 0.030512 0.031010
0 0.094359 0.079445 0.030512 0.031010
