0 0.318109 0.354906 0.025969 0.012187
0 0.319445 0.326539 0.025984 0.012203
0 0.320500 0.309047 0.025969 0.012188
0 0.319445 0.386969 0.025984 0.012188
0 0.317328 0.418242 0.025969 0.012203
0 0.094695 0.175469 0.025984 0.012187
0 0.235164 0.181828 0.025984 0.012187
0 0.201234 0.148969 0.025969 0.012187
0 0.234633 0.132531 0.025984 0.012187
0 0.232516 0.118219 0.025969 0.012187
0 0.305133 0.117687 0.025984 0.012187
0 0.309906 0.150555 0.025969 0.012203
0 0.309906 0.184484 0.025969 0.012187
0 0.086211 0.027047 0.016596 0.027732
