0 0.240570 0.424852 0.026576 0.023899
0 0.221977 0.405305 0.026576 0.023899
0 0.288227 0.416742 0.026576 0.023899
0 0.302992 0.432945 0.026576 0.023899
0 0.316336 0.449148 0.026576 0.023899
0 0.327305 0.465359 0.026567 0.023886
0 0.348742 0.490141 0.026567 0.023886
0 0.370195 0.512063 0.026567 0.023886
0 0.381156 0.523977 0.026589 0.023908
0 0.398789 0.549234 0.026567 0.023886
0 0.373539 0.408641 0.026567 0.023886
0 0.354461 0.385289 0.026576 0.023899
0 0.259633 0.378141 0.026567 0.023886
0 0.342555 0.370516 0.026567 0.023886
0 0.393555 0.433898 0.026576 0.023899
0 0.384023 0.421039 0.026576 0.023899
0 0.333492 0.360031 0.026567 0.023886
0 0.377820 0.342398 0.026576 0.023899
0 0.395461 0.370039 0.026576 0.023899
0 0.406414 0.381000 0.026567 0.023886
0 0.417852 0.392914 0.026576 0.023899
0 0.426914 0.405305 0.026576 0.023899
0 0.435492 0.420086 0.026576 0.023899
0 0.444539 0.432477 0.026576 0.023899
0 0.453602 0.444867 0.026576 0.023899
0 0.475523 0.467266 0.026567 0.023886
0 0.439773 0.498242 0.026576 0.023899
0 0.416898 0.475367 0.026576 0.023899
0 0.411180 0.459164 0.026576 0.023899
0 0.401648 0.447250 0.026567 0.023886
0 0.458836 0.519688 0.026567 0.023886
0 0.489344 0.556383 0.026589 0.023908
0 0.532711 0.540656 0.026567 0.023886
0 0.517938 0.413414 0.026589 0.023908
0 0.553680 0.405305 0.026576 0.023899
0 0.523664 0.368133 0.026576 0.023899
0 0.491242 0.374805 0.026576 0.023899
0 0.366859 0.332867 0.026589 0.023908
0 0.356375 0.323336 0.026589 0.023908
0 0.347797 0.310469 0.026580 0.023895
0 0.412617 0.277578 0.026567 0.023886
0 0.438820 0.314758 0.026576 0.023899
0 0.452164 0.327625 0.026567 0.023886
0 0.472664 0.309508 0.026576 0.023899
0 0.464555 0.298555 0.026576 0.023899
0 0.448352 0.269000 0.026567 0.023886
0 0.401180 0.264234 0.026567 0.023886
0 0.426914 0.244695 0.026576 0.023899
0 0.437867 0.257562 0.026567 0.023886
0 0.492203 0.214195 0.026589 0.023908
0 0.483148 0.203711 0.026576 0.023899
0 0.516992 0.196086 0.026576 0.023899
0 0.504594 0.183695 0.026589 0.023908
0 0.394023 0.183695 0.026576 0.023899
0 0.501734 0.226586 0.026589 0.023908
0 0.512695 0.238977 0.026576 0.023899
0 0.516977 0.593539 0.026594 0.023924
0 0.526039 0.254227 0.026576 0.023899
0 0.536055 0.268047 0.026567 0.023886
0 0.559883 0.248031 0.026567 0.023886
0 0.546539 0.282352 0.026576 0.023899
0 0.553680 0.295211 0.026576 0.023899
0 0.589430 0.290445 0.026576 0.023899
0 0.589430 0.340492 0.026576 0.023899
0 0.600867 0.355742 0.026576 0.023899
0 0.629461 0.388625 0.026567 0.023886
0 0.651859 0.369086 0.026589 0.023908
0 0.675211 0.393391 0.026567 0.023886
0 0.652820 0.410070 0.026576 0.023899
0 0.588945 0.455352 0.026576 0.023899
0 0.622312 0.488711 0.026589 0.023908
0 0.639469 0.513492 0.026589 0.023908
0 0.716680 0.499672 0.026567 0.023886
0 0.740508 0.482039 0.026576 0.023899
0 0.768625 0.566398 0.026589 0.023908
0 0.786742 0.581648 0.026576 0.023899
0 0.654242 0.612625 0.026567 0.023886
0 0.628508 0.660758 0.026576 0.023899
0 0.699523 0.430570 0.026576 0.023899
0 0.581805 0.677914 0.026576 0.023899
0 0.590852 0.688398 0.026576 0.023899
0 0.601820 0.698883 0.026576 0.023899
0 0.526523 0.723672 0.026567 0.023886
0 0.544633 0.746547 0.026567 0.023886
0 0.582758 0.795156 0.026567 0.023886
0 0.621359 0.841867 0.026589 0.023908
0 0.713336 0.835672 0.026567 0.023886
0 0.447875 0.581867 0.014954 0.033307
0 0.062320 0.434852 0.024409 0.026386
0 0.080898 0.421508 0.024409 0.026386
0 0.045164 0.447242 0.026687 0.023481
0 0.038961 0.472031 0.025391 0.015730
0 0.549398 0.129836 0.026528 0.024047
0 0.574180 0.108391 0.026519 0.024034
0 0.561789 0.144133 0.026528 0.024047
0 0.571320 0.155094 0.026519 0.024034
0 0.581320 0.166531 0.026519 0.024034
0 0.591805 0.180828 0.026519 0.024034
0 0.608961 0.149852 0.026528 0.024047
0 0.596102 0.132695 0.026528 0.024047
0 0.670930 0.117445 0.026528 0.024047
0 0.689992 0.146039 0.026528 0.024047
0 0.703805 0.155094 0.026519 0.024034
0 0.680930 0.241836 0.026528 0.024047
0 0.721914 0.334773 0.026528 0.024047
0 0.757188 0.349070 0.026540 0.024056
0 0.810570 0.290445 0.026528 0.024047
0 0.772914 0.235164 0.026528 0.024047
0 0.759570 0.224195 0.026528 0.024047
0 0.735258 0.198461 0.026528 0.024047
0 0.728117 0.186070 0.026528 0.024047
0 0.717148 0.170820 0.026528 0.024047
0 0.830586 0.318570 0.026528 0.024047
0 0.863461 0.354789 0.026528 0.024047
0 0.883008 0.382430 0.026528 0.024047
0 0.778633 0.368133 0.026528 0.024047
0 0.850117 0.505391 0.026519 0.024034
0 0.910648 0.576883 0.026528 0.024047
0 0.749086 0.698414 0.026528 0.024047
0 0.697961 0.688461 0.026092 0.030617
0 0.779086 0.711766 0.048417 0.041748
0 0.800797 0.410984 0.045116 0.039437
0 0.637563 0.442000 0.024446 0.026371
0 0.506977 0.441055 0.024448 0.026369
0 0.377820 0.474414 0.021775 0.026841
0 0.776633 0.654180 0.016347 0.025626
0 0.294781 0.380938 0.032944 0.036517
0 0.688391 0.341586 0.030515 0.034014
0 0.803430 0.897617 0.018036 0.026195
0 0.611781 0.569539 0.028986 0.026480
0 0.211977 0.517273 0.026576 0.023899
0 0.195758 0.493953 0.026567 0.023886
0 0.185273 0.480609 0.026567 0.023886
0 0.122852 0.473461 0.026576 0.023899
0 0.255820 0.441055 0.026576 0.023899
