0 0.512039 0.340008 0.026090 0.032420
0 0.263000 0.312859 0.026703 0.023312
0 0.234008 0.276609 0.026690 0.023304
0 0.271695 0.269359 0.026690 0.023304
0 0.379711 0.298359 0.026690 0.023304
0 0.414492 0.341125 0.026690 0.023304
0 0.428273 0.354891 0.026690 0.023304
0 0.545695 0.334594 0.026690 0.023304
0 0.415227 0.291828 0.026690 0.023304
0 0.368102 0.278781 0.026690 0.023304
0 0.361586 0.267188 0.026690 0.023304
0 0.384773 0.246164 0.026698 0.023317
0 0.348539 0.257766 0.026690 0.023304
0 0.336938 0.242547 0.026703 0.023312
0 0.327508 0.226594 0.026690 0.023304
0 0.318820 0.217172 0.026690 0.023304
0 0.305773 0.204125 0.026690 0.023304
0 0.339117 0.196141 0.026690 0.023304
0 0.326070 0.180922 0.026690 0.023304
0 0.215883 0.183094 0.026690 0.023304
0 0.248508 0.245437 0.026690 0.023304
0 0.627547 0.900477 0.019286 0.026533
0 0.969023 0.762273 0.024448 0.026369
0 0.847258 0.560047 0.025786 0.025302
0 0.731992 0.577438 0.025786 0.025302
0 0.673273 0.504938 0.025786 0.025302
0 0.590648 0.566563 0.025786 0.025302
0 0.607672 0.581406 0.030857 0.030148
0 0.602281 0.712258 0.046161 0.045126
0 0.600789 0.644844 0.018129 0.026223
0 0.573242 0.697031 0.026690 0.023304
0 0.522508 0.687609 0.024333 0.026374
0 0.533383 0.837656 0.026690 0.023304
0 0.442039 0.844187 0.026690 0.023304
0 0.405805 0.794172 0.026690 0.023304
0 0.368102 0.747047 0.026690 0.023304
0 0.353609 0.720953 0.026703 0.023312
0 0.407250 0.675281 0.026703 0.023312
0 0.415227 0.686891 0.026690 0.023304
0 0.426820 0.699937 0.026690 0.023304
0 0.451461 0.660797 0.026690 0.023304
0 0.477563 0.610781 0.026703 0.023312
0 0.340555 0.591922 0.026690 0.023304
0 0.313016 0.556406 0.026703 0.023312
0 0.357187 0.538281 0.026721 0.023294
0 0.463789 0.514359 0.026690 0.023304
0 0.443492 0.489719 0.026690 0.023304
0 0.538445 0.500594 0.026690 0.023304
0 0.563102 0.481016 0.026690 0.023304
0 0.524680 0.430281 0.026690 0.023304
0 0.497133 0.393313 0.026690 0.023304
0 0.470320 0.411438 0.026690 0.023304
0 0.452195 0.388234 0.026690 0.023304
0 0.479008 0.366500 0.026690 0.023304
0 0.376086 0.402734 0.026690 0.023304
0 0.340555 0.413609 0.026690 0.023304
0 0.313742 0.374469 0.026690 0.023304
0 0.345633 0.365047 0.026690 0.023304
0 0.415258 0.453109 0.032691 0.029838
0 0.296344 0.467250 0.026703 0.023312
0 0.281852 0.519437 0.026690 0.023304
0 0.262273 0.493344 0.026690 0.023304
0 0.242703 0.474500 0.026703 0.023312
0 0.236898 0.454922 0.026690 0.023304
0 0.225305 0.446953 0.026690 0.023304
0 0.217336 0.434625 0.026690 0.023304
0 0.210086 0.422312 0.026690 0.023304
0 0.195555 0.407445 0.031355 0.028387
0 0.280398 0.446953 0.026690 0.023304
0 0.270977 0.432453 0.026690 0.023304
0 0.261555 0.421578 0.026690 0.023304
0 0.249953 0.407086 0.026711 0.023325
0 0.241258 0.395484 0.026690 0.023304
0 0.233273 0.382437 0.026690 0.023304
0 0.220961 0.368672 0.026690 0.023304
0 0.201383 0.344016 0.026690 0.023304
0 0.191961 0.333148 0.026698 0.023317
0 0.183258 0.325172 0.026690 0.023304
0 0.173836 0.307781 0.026690 0.023304
0 0.155719 0.363594 0.026703 0.023312
0 0.166586 0.374469 0.026690 0.023304
0 0.177477 0.385734 0.028154 0.025558
0 0.110055 0.415063 0.026690 0.023304
0 0.125273 0.432453 0.026690 0.023304
0 0.138320 0.450578 0.026690 0.023304
0 0.149195 0.465797 0.026690 0.023304
0 0.172391 0.489719 0.026703 0.023312
0 0.191242 0.513641 0.026690 0.023304
0 0.199211 0.525234 0.026690 0.023304
0 0.220961 0.548438 0.026690 0.023304
0 0.083227 0.378812 0.026690 0.023304
0 0.043367 0.405641 0.026690 0.023304
0 0.062930 0.421578 0.026690 0.023304
0 0.077430 0.441156 0.026690 0.023304
0 0.033945 0.516547 0.026690 0.023304
0 0.023789 0.495516 0.026690 0.023304
0 0.009289 0.480297 0.026690 0.023304
0 0.274602 0.326625 0.026690 0.023304
0 0.298523 0.307781 0.026690 0.023304
0 0.288367 0.296906 0.026690 0.023304
0 0.223852 0.264281 0.026690 0.023304
0 0.258648 0.257766 0.026690 0.023304
0 0.415945 0.181656 0.026690 0.023304
0 0.504383 0.241812 0.026690 0.023304
0 0.405805 0.166422 0.026690 0.023304
0 0.434070 0.149750 0.026690 0.023304
0 0.423922 0.134531 0.026703 0.023312
0 0.395648 0.154828 0.026690 0.023304
0 0.386953 0.143234 0.026703 0.023312
0 0.373180 0.130906 0.026690 0.023304
0 0.397820 0.106984 0.026690 0.023304
0 0.492055 0.116406 0.026690 0.023304
0 0.516711 0.143234 0.026690 0.023304
0 0.529023 0.156281 0.026690 0.023304
0 0.538445 0.169328 0.026690 0.023304
0 0.549320 0.186000 0.026690 0.023304
0 0.581945 0.222242 0.026698 0.023317
0 0.594273 0.237469 0.026690 0.023304
0 0.581219 0.345469 0.026703 0.023312
0 0.633414 0.284578 0.026690 0.023304
0 0.654430 0.317922 0.026690 0.023304
0 0.600070 0.365047 0.026690 0.023304
0 0.688508 0.354891 0.026690 0.023304
0 0.704141 0.382094 0.034565 0.028418
0 0.627617 0.410305 0.050072 0.045679
0 0.458711 0.439703 0.024254 0.026408
0 0.328695 0.440031 0.028069 0.031398
0 0.433344 0.575984 0.026721 0.023294
0 0.120555 0.378797 0.034236 0.036357
0 0.270219 0.588664 0.016166 0.021105
0 0.203398 0.472445 0.028379 0.031635
