0 0.334000 0.384891 0.034146 0.030269
0 0.480281 0.366437 0.034146 0.030269
0 0.380125 0.606969 0.034146 0.030269
0 0.359039 0.633320 0.034167 0.030290
0 0.492812 0.675500 0.034146 0.030269
0 0.482922 0.628703 0.034146 0.030269
0 0.529703 0.622781 0.034146 0.030269
0 0.546188 0.599719 0.034146 0.030269
0 0.565297 0.576656 0.034146 0.030269
0 0.473703 0.696578 0.034146 0.030269
0 0.455250 0.722281 0.034146 0.030269
0 0.505078 0.621891 0.045521 0.037712
0 0.826242 0.545016 0.034159 0.030277
0 0.703672 0.582578 0.034146 0.030269
0 0.643703 0.661656 0.034146 0.030269
0 0.627234 0.676156 0.034146 0.030269
0 0.579797 0.666922 0.034146 0.030269
0 0.668094 0.747320 0.034154 0.030282
0 0.653594 0.773672 0.034146 0.030269
0 0.574516 0.749953 0.034146 0.030269
0 0.556063 0.773672 0.034146 0.030269
0 0.603516 0.714375 0.034146 0.030269
0 0.618672 0.693281 0.034146 0.030269
0 0.710922 0.696578 0.034146 0.030269
0 0.724766 0.680109 0.034146 0.030269
0 0.745187 0.648484 0.034146 0.030269
0 0.768250 0.615531 0.034146 0.030269
0 0.757047 0.632656 0.034146 0.030269
0 0.811078 0.514703 0.031371 0.019260
0 0.650953 0.543703 0.029780 0.034206
0 0.644375 0.487687 0.034146 0.030269
0 0.612078 0.464625 0.034146 0.030269
0 0.742031 0.442031 0.034146 0.030269
0 0.400797 0.514859 0.032732 0.033063
0 0.550375 0.300203 0.022159 0.032651
0 0.548687 0.160703 0.030489 0.034107
0 0.495445 0.116812 0.030498 0.034120
0 0.321711 0.072867 0.038266 0.033675
0 0.141125 0.317828 0.030489 0.034107
0 0.117922 0.346641 0.030489 0.034107
0 0.095516 0.414656 0.030489 0.034107
0 0.073109 0.441062 0.030489 0.034107
0 0.105125 0.381844 0.018311 0.030898
0 0.291555 0.106602 0.038266 0.033675
0 0.527211 0.903727 0.030972 0.038392
0 0.256969 0.282875 0.034146 0.030269
0 0.268109 0.262984 0.034146 0.030269
0 0.414391 0.280781 0.034146 0.030269
0 0.447344 0.189188 0.034146 0.030269
0 0.532344 0.235313 0.034146 0.030269
0 0.523125 0.297250 0.034146 0.030269
0 0.453266 0.347992 0.034154 0.030282
0 0.425594 0.380281 0.034146 0.030269
0 0.397266 0.412570 0.034154 0.030282
0 0.289844 0.449469 0.034146 0.030269
0 0.227906 0.535141 0.034146 0.030269
0 0.431531 0.550297 0.034146 0.030269
0 0.492812 0.506797 0.034146 0.030269
0 0.502031 0.492297 0.034146 0.030269
0 0.520484 0.471875 0.034146 0.030269
0 0.530375 0.458031 0.034146 0.030269
0 0.557391 0.422453 0.034146 0.030269
0 0.583086 0.383578 0.034159 0.030277
0 0.574516 0.400703 0.034146 0.030269
0 0.592313 0.375016 0.034146 0.030269
0 0.602195 0.362484 0.034159 0.030277
0 0.610766 0.350625 0.034146 0.030269
0 0.629219 0.324922 0.034146 0.030269
0 0.602859 0.305812 0.034146 0.030269
0 0.614062 0.291328 0.034146 0.030269
0 0.641734 0.312406 0.034146 0.030269
0 0.724109 0.341406 0.034146 0.030269
0 0.717516 0.369078 0.034146 0.030269
0 0.708289 0.383578 0.034159 0.030277
0 0.698406 0.395437 0.034146 0.030269
0 0.690500 0.347992 0.034154 0.030282
0 0.678641 0.361828 0.034146 0.030269
0 0.686547 0.408609 0.034146 0.030269
0 0.656234 0.397414 0.034154 0.030282
0 0.645031 0.409938 0.034146 0.030269
0 0.661500 0.441563 0.034146 0.030269
0 0.652937 0.455406 0.034146 0.030269
0 0.634484 0.423766 0.034146 0.030269
0 0.757047 0.425750 0.034146 0.030269
0 0.770891 0.407953 0.034146 0.030269
0 0.805813 0.438922 0.034146 0.030269
0 0.781438 0.470562 0.034146 0.030269
0 0.718828 0.479125 0.034146 0.030269
0 0.703672 0.497578 0.034146 0.030269
0 0.610766 0.516687 0.034146 0.030269
0 0.589016 0.538438 0.034146 0.030269
0 0.543547 0.542391 0.034146 0.030269
0 0.527734 0.566109 0.034146 0.030269