0 0.394063 0.832086 0.013156 0.023734
0 0.411586 0.932141 0.019516 0.019406
0 0.508648 0.652953 0.020641 0.021125
0 0.396570 0.935578 0.020109 0.020156
0 0.194039 0.794820 0.019859 0.019359
0 0.209508 0.792430 0.019453 0.019484
0 0.487445 0.655484 0.020453 0.021406
0 0.364055 0.938273 0.021141 0.020547
0 0.456195 0.314562 0.025295 0.031095
0 0.065336 0.939602 0.034295 0.026776
0 0.325398 0.875602 0.020409 0.030693
0 0.484227 0.921180 0.017171 0.033505
0 0.224812 0.748414 0.020531 0.028391
0 0.203367 0.685258 0.034422 0.019391
0 0.377641 0.613109 0.023079 0.032336
0 0.381570 0.645422 0.022114 0.033716
0 0.464930 0.663242 0.019922 0.033234
0 0.321773 0.657828 0.024610 0.035926
0 0.353508 0.651164 0.022950 0.033883
0 0.337469 0.654180 0.021481 0.032105
0 0.302438 0.626695 0.026383 0.032542
0 0.346820 0.617641 0.020516 0.035031
0 0.290961 0.555414 0.028941 0.043136
0 0.350758 0.548773 0.025063 0.034400
0 0.469758 0.555414 0.023049 0.033030
0 0.498156 0.586828 0.015094 0.027781
0 0.451937 0.461492 0.026386 0.038263
0 0.475195 0.456953 0.023930 0.037144
0 0.361937 0.470516 0.038659 0.022587
0 0.355586 0.523703 0.032016 0.016312
0 0.378242 0.425844 0.035539 0.024498
0 0.385797 0.394437 0.036888 0.022190
0 0.461914 0.388391 0.017516 0.030812
0 0.526242 0.279063 0.032793 0.038886
0 0.533789 0.372383 0.022359 0.030203
0 0.505703 0.377516 0.015719 0.029594
0 0.578492 0.364531 0.018734 0.027781
0 0.740070 0.331609 0.024006 0.033506
0 0.770586 0.329492 0.028013 0.040846
0 0.800789 0.327984 0.018734 0.029594
0 0.833703 0.321344 0.020883 0.035456
0 0.854547 0.315602 0.024339 0.035758
0 0.588453 0.241000 0.035737 0.041840
0 0.563992 0.254289 0.030954 0.038619
0 0.613523 0.220164 0.033366 0.036668
0 0.648563 0.196305 0.032378 0.036357
0 0.710781 0.130758 0.032925 0.030735
0 0.745219 0.093914 0.033823 0.031497
0 0.785984 0.153719 0.021750 0.032625
0 0.912844 0.107805 0.032108 0.024420
0 0.916766 0.133781 0.031502 0.020530
0 0.919781 0.152805 0.027187 0.017516
0 0.836422 0.017750 0.032831 0.031061
0 0.271844 0.786305 0.015156 0.028359
0 0.376633 0.764289 0.016141 0.030234
0 0.243297 0.564922 0.018000 0.030375
0 0.222187 0.898133 0.017062 0.031016
0 0.171953 0.867016 0.015563 0.026031
0 0.369117 0.869578 0.016609 0.028250
0 0.355898 0.784297 0.015266 0.030469
0 0.402477 0.762477 0.014922 0.028609
0 0.384336 0.864195 0.019453 0.029672
0 0.334094 0.770945 0.016875 0.029766
0 0.401922 0.862313 0.019156 0.029094
0 0.393266 0.712797 0.017437 0.027125
0 0.318320 0.952070 0.017734 0.031484
0 0.448758 0.850766 0.018359 0.029250
0 0.313453 0.778031 0.018062 0.032188
0 0.263297 0.667508 0.018000 0.029953
0 0.410055 0.827031 0.013734 0.026406
0 0.318031 0.840320 0.015250 0.027766
0 0.328117 0.723914 0.018859 0.027953
0 0.373633 0.905797 0.031453 0.014687
0 0.378773 0.834055 0.017641 0.023266
0 0.418203 0.858320 0.020031 0.031766
0 0.260820 0.856180 0.015141 0.026797
0 0.192430 0.900211 0.017203 0.030859
0 0.369656 0.713391 0.015312 0.025938
0 0.289484 0.844672 0.015563 0.025625
0 0.352711 0.873844 0.017078 0.028250
0 0.381164 0.937148 0.019641 0.019047
0 0.183031 0.752664 0.016750 0.025703
0 0.450508 0.924133 0.016672 0.029203
0 0.148391 0.807453 0.014688 0.030500
0 0.361414 0.834883 0.015328 0.029828
0 0.121617 0.763094 0.017797 0.031125
0 0.924531 0.168055 0.032375 0.017203
0 0.283336 0.885648 0.016109 0.032859
0 0.696430 0.152930 0.034647 0.034910
0 0.350156 0.721953 0.016500 0.032437
0 0.892992 0.071539 0.029715 0.030201
0 0.698570 0.343906 0.015141 0.026500
0 0.859641 0.039227 0.032589 0.034897
0 0.670508 0.280273 0.018047 0.031891
0 0.305258 0.725930 0.017484 0.029453
0 0.246117 0.789836 0.017172 0.027859
0 0.484437 0.301164 0.024661 0.030681
0 0.467773 0.922703 0.014234 0.029250
0 0.203750 0.746641 0.017906 0.030969
0 0.251977 0.891781 0.015703 0.031281
0 0.291461 0.955023 0.017578 0.027984
0 0.850867 0.142703 0.018484 0.024687
0 0.563102 0.371180 0.015984 0.024516
0 0.766352 0.070422 0.030604 0.027608
0 0.833391 0.141820 0.016031 0.028609
