0 0.048656 0.323133 0.026094 0.014547
0 0.135984 0.242992 0.026094 0.014547
0 0.134453 0.210836 0.026094 0.014547
0 0.101281 0.193992 0.026094 0.014547
0 0.100266 0.208797 0.026094 0.014531
0 0.097203 0.239930 0.026094 0.014547
0 0.097203 0.256031 0.031219 0.015125
0 0.096172 0.271570 0.026094 0.014547
0 0.027797 0.263914 0.026094 0.014547
0 0.028297 0.247070 0.026094 0.014547
0 0.030328 0.228195 0.028094 0.014547
0 0.164047 0.135820 0.026796 0.015848
0 0.114039 0.116156 0.033924 0.018990
0 0.102813 0.142453 0.026094 0.014531
0 0.102297 0.159805 0.027155 0.016549
0 0.103828 0.178180 0.026094 0.014547
0 0.134453 0.178680 0.026094 0.014547
0 0.057391 0.186336 0.026094 0.014547
0 0.028812 0.199102 0.026094 0.014547
0 0.027797 0.214414 0.026094 0.014547
0 0.028812 0.297086 0.026094 0.014547
0 0.032422 0.168727 0.026094 0.014547
0 0.032422 0.152727 0.026094 0.014547
0 0.032797 0.138242 0.026094 0.014547
0 0.034703 0.089461 0.026094 0.014547
0 0.033563 0.107367 0.026094 0.014547
0 0.033937 0.122617 0.026094 0.014547
0 0.036219 0.073461 0.026094 0.014547
0 0.035469 0.056313 0.026094 0.014531
0 0.124250 0.062789 0.028419 0.029017
0 0.112813 0.053648 0.028419 0.029017
0 0.172641 0.105469 0.028407 0.029007
0 0.194359 0.126430 0.028419 0.029017
0 0.147500 0.081844 0.028407 0.029007
0 0.100625 0.041836 0.028419 0.029017
0 0.079281 0.023539 0.018078 0.027883
0 0.063656 0.021633 0.018078 0.027883
0 0.214938 0.246086 0.029269 0.028044
0 0.238563 0.223211 0.029269 0.028044