0 0.451211 0.936578 0.019651 0.031105
0 0.623062 0.871758 0.031070 0.019546
0 0.552578 0.963984 0.019647 0.031090
0 0.473828 0.777781 0.019476 0.031058
0 0.640031 0.815633 0.031070 0.019546
0 0.122938 0.365016 0.031074 0.019561
0 0.114039 0.392297 0.031089 0.019566
0 0.101586 0.436195 0.031085 0.019550
0 0.098031 0.452797 0.031074 0.019561
0 0.243938 0.414250 0.031074 0.019561
0 0.265297 0.219109 0.031074 0.019561
0 0.444422 0.317563 0.031074 0.019561
0 0.358422 0.369172 0.031074 0.019561
0 0.335883 0.442125 0.031089 0.019566
0 0.302664 0.448062 0.031089 0.019566
0 0.235047 0.463484 0.031074 0.019561
0 0.199453 0.452203 0.031074 0.019561
0 0.326391 0.468812 0.031074 0.019561
0 0.429000 0.468812 0.031074 0.019561
0 0.418328 0.513297 0.031074 0.019561
0 0.497219 0.490172 0.031074 0.019561
0 0.528648 0.388750 0.031089 0.019566
0 0.487523 0.520734 0.037790 0.021361
0 0.675313 0.289687 0.031074 0.019561
