0 0.122742 0.427906 0.031300 0.020908
0 0.113969 0.455500 0.031285 0.020903
0 0.101437 0.499344 0.031285 0.020903
0 0.100188 0.515641 0.031285 0.020903
0 0.243648 0.478672 0.031300 0.020908
0 0.355797 0.431687 0.031285 0.020903
0 0.444758 0.380938 0.031300 0.020908
0 0.265578 0.283203 0.031285 0.020903
0 0.200422 0.513766 0.031285 0.020903
0 0.233625 0.524406 0.031285 0.020903
0 0.303172 0.510625 0.031285 0.020903
0 0.335742 0.504359 0.031300 0.020908
0 0.326352 0.532547 0.031300 0.020908
0 0.429719 0.531922 0.031285 0.020903
0 0.417187 0.574531 0.031285 0.020903
0 0.527453 0.451734 0.031285 0.020903
0 0.676562 0.350250 0.031285 0.020903
0 0.494875 0.551344 0.031285 0.020903
0 0.488406 0.583000 0.040903 0.024066
0 0.621430 0.934141 0.031300 0.020908
0 0.642727 0.877750 0.031300 0.020908
0 0.473578 0.841422 0.018999 0.030961
0 0.451906 0.992594 0.015516 0.020042
0 0.818773 0.018203 0.012732 0.028915
0 0.773039 0.020078 0.012732 0.028915
0 0.727930 0.023219 0.012732 0.028915
0 0.697234 0.028852 0.012716 0.028899
0 0.453523 0.038250 0.012732 0.028915
