0 0.373672 0.413375 0.034473 0.037348
0 0.320320 0.458563 0.034482 0.037361
0 0.260797 0.505172 0.034473 0.037348
0 0.227664 0.540547 0.034482 0.037361
0 0.219234 0.437219 0.034473 0.037348
0 0.206883 0.446766 0.034482 0.037361
0 0.182172 0.419250 0.034473 0.037348
0 0.167016 0.429922 0.034473 0.037348
0 0.196773 0.409703 0.034482 0.037361
0 0.210250 0.399031 0.034473 0.037348
0 0.223172 0.388922 0.034473 0.037348
0 0.245633 0.417000 0.034482 0.037361
0 0.243383 0.370391 0.034482 0.037361
0 0.278203 0.385562 0.034473 0.037348
0 0.292242 0.375453 0.034482 0.037361
0 0.307969 0.364219 0.034473 0.037348
0 0.318641 0.355234 0.034473 0.037348
0 0.332672 0.341750 0.034473 0.037348
0 0.295047 0.325469 0.034473 0.037348
0 0.282133 0.335016 0.034482 0.037361
0 0.268094 0.346812 0.034473 0.037348
0 0.329867 0.297953 0.034482 0.037361
0 0.365812 0.315359 0.034473 0.037348
0 0.379289 0.304125 0.034482 0.037361
0 0.404563 0.285031 0.034473 0.037348
0 0.418031 0.272680 0.034485 0.037358
0 0.366937 0.265937 0.034473 0.037348
0 0.260797 0.258641 0.034473 0.037348
0 0.235523 0.281102 0.034495 0.037370
0 0.208570 0.297391 0.034482 0.037361
0 0.194531 0.309742 0.034485 0.037358
0 0.174875 0.329961 0.034485 0.037358
0 0.160273 0.340633 0.034495 0.037370
0 0.145672 0.349617 0.034485 0.037358
0 0.405117 0.384438 0.034482 0.037361
0 0.421406 0.373203 0.034473 0.037348
0 0.442188 0.355234 0.034473 0.037348
0 0.525070 0.269078 0.033666 0.032912
0 0.491039 0.231125 0.033666 0.032912
0 0.442180 0.180578 0.033666 0.032912
0 0.411859 0.166547 0.033654 0.032901
0 0.398383 0.136781 0.033666 0.032912
0 0.376477 0.110383 0.033677 0.032924
0 0.281578 0.238984 0.034473 0.037348
0 0.295047 0.228313 0.034473 0.037348
0 0.320320 0.208656 0.034482 0.037361
0 0.333797 0.197430 0.034485 0.037358
0 0.395016 0.244602 0.034485 0.037358
0 0.177680 0.181703 0.034482 0.037361
0 0.174875 0.228875 0.034473 0.037348
0 0.159148 0.241797 0.034482 0.037361
0 0.126016 0.270437 0.034473 0.037348
0 0.072672 0.168789 0.034485 0.037358
0 0.111977 0.137906 0.034482 0.037361
0 0.036164 0.199109 0.034482 0.037361
0 0.034484 0.270437 0.037734 0.033634
0 0.055258 0.295141 0.037746 0.033643
0 0.024375 0.250219 0.037734 0.033634
0 0.187789 0.522016 0.037746 0.033643
0 0.138375 0.536063 0.037734 0.033634
0 0.131633 0.513031 0.037746 0.033643
0 0.123211 0.493938 0.037746 0.033643
0 0.113664 0.470359 0.037746 0.033643
0 0.244969 0.523813 0.034473 0.037348
