0 0.338711 0.453688 0.024702 0.028343
0 0.241383 0.418938 0.024702 0.028343
0 0.301180 0.546641 0.024702 0.028343
0 0.256477 0.530969 0.024702 0.028343
0 0.320336 0.371344 0.024702 0.028343
0 0.284930 0.355672 0.024702 0.028343
0 0.241383 0.341156 0.024702 0.028343
0 0.240805 0.308063 0.024702 0.028343
0 0.211102 0.299891 0.026829 0.034253
0 0.269258 0.317938 0.024702 0.028343
0 0.345289 0.349281 0.024702 0.028343
0 0.356898 0.352187 0.024702 0.028343
0 0.372570 0.358563 0.024702 0.028343
0 0.413211 0.377141 0.024702 0.028343
0 0.430617 0.384109 0.024702 0.028343
0 0.145023 0.304578 0.024702 0.028343
0 0.098586 0.251188 0.024702 0.028343
0 0.250102 0.233766 0.024702 0.028343
0 0.417852 0.528648 0.024707 0.028357
0 0.533945 0.319672 0.024702 0.028343
0 0.544977 0.292969 0.024702 0.028343
0 0.560070 0.298781 0.024702 0.028343
0 0.587305 0.306023 0.025755 0.031268
0 0.558336 0.331859 0.024702 0.028343
0 0.578070 0.335344 0.024702 0.028343
0 0.608836 0.348703 0.024702 0.028343
0 0.652367 0.343469 0.021910 0.026692
0 0.597805 0.241891 0.024702 0.028343
0 0.583289 0.234344 0.024702 0.028343
0 0.568195 0.229125 0.024702 0.028343
0 0.580383 0.198359 0.024702 0.028343
0 0.681383 0.272078 0.024702 0.028343
0 0.653250 0.261687 0.026402 0.033101
0 0.612320 0.034656 0.024702 0.028343
0 0.778914 0.099094 0.024702 0.028343
0 0.605930 0.138563 0.024702 0.028343
0 0.715633 0.178047 0.024702 0.028343
0 0.836383 0.121156 0.024702 0.028343
0 0.854945 0.151344 0.029107 0.026323
0 0.843930 0.169922 0.029107 0.026323
0 0.776008 0.255250 0.029107 0.026323
0 0.747570 0.292391 0.029107 0.026323
0 0.698805 0.349859 0.029107 0.026323
0 0.662820 0.402109 0.029607 0.028108
0 0.654102 0.417203 0.029607 0.028108
0 0.644820 0.428812 0.029607 0.028108
0 0.172898 0.482781 0.028402 0.029622
0 0.160117 0.464797 0.029465 0.029107
0 0.124133 0.414875 0.029465 0.029107
0 0.110180 0.391633 0.029596 0.028256
0 0.099758 0.374234 0.029604 0.028075