0 0.115680 0.258164 0.026314 0.025361
0 0.207352 0.157398 0.026314 0.025361
0 0.322836 0.267461 0.026314 0.025361
0 0.336367 0.258445 0.026314 0.025361
0 0.356211 0.236789 0.026314 0.025361
0 0.367945 0.225063 0.026304 0.025350
0 0.378773 0.212430 0.026314 0.025361
0 0.435602 0.299945 0.026314 0.025361
0 0.454547 0.262055 0.026302 0.025351
0 0.475297 0.240398 0.026302 0.025351
0 0.289453 0.314383 0.026302 0.025351
0 0.289453 0.353164 0.026302 0.025351
0 0.269602 0.381133 0.026314 0.025361
0 0.299383 0.446086 0.026314 0.025361
0 0.327344 0.468648 0.026302 0.025351
0 0.337273 0.456008 0.026314 0.025361
0 0.346289 0.444289 0.026314 0.025361
0 0.356211 0.430758 0.026314 0.025361
0 0.376055 0.410008 0.026314 0.025361
0 0.383273 0.398273 0.026314 0.025361
0 0.394102 0.386555 0.026314 0.025361
0 0.402227 0.373914 0.026314 0.025361
0 0.434695 0.342336 0.026314 0.025361
0 0.463570 0.306258 0.026314 0.025361
0 0.481070 0.288586 0.025222 0.024425
0 0.508680 0.248523 0.026314 0.025361
0 0.526719 0.242195 0.026302 0.025351
0 0.296664 0.161008 0.026314 0.025361
0 0.199242 0.317086 0.026314 0.025361
0 0.499648 0.416320 0.026314 0.025361
0 0.509578 0.402789 0.026302 0.025351
0 0.485227 0.382945 0.026314 0.025361
0 0.495148 0.371211 0.026314 0.025361
0 0.504164 0.359477 0.026314 0.025361
0 0.512289 0.348664 0.026314 0.025361
0 0.522211 0.336023 0.026314 0.025361
0 0.542961 0.314383 0.026314 0.025361
0 0.566414 0.334227 0.026314 0.025361
0 0.556492 0.347758 0.026314 0.025361
0 0.549273 0.359477 0.026314 0.025361
0 0.530328 0.380227 0.026302 0.025351
0 0.587164 0.309867 0.026314 0.025361
0 0.594383 0.297242 0.026314 0.025361
0 0.571828 0.274680 0.026302 0.025351
0 0.562805 0.290023 0.026314 0.025361
0 0.650320 0.397367 0.026314 0.025361
0 0.657531 0.380227 0.026302 0.025351
0 0.679180 0.362195 0.026314 0.025361
0 0.654820 0.336023 0.026314 0.025361
0 0.641289 0.348664 0.026314 0.025361
0 0.606109 0.382039 0.026302 0.025351
0 0.597086 0.457820 0.026314 0.025361
0 0.580852 0.476758 0.026314 0.025361
0 0.672867 0.522773 0.026314 0.025361
0 0.683695 0.500211 0.026314 0.025361
0 0.692711 0.480367 0.026314 0.025361
0 0.709852 0.465945 0.026314 0.025361
0 0.719773 0.558859 0.026304 0.025350
0 0.753164 0.521867 0.026314 0.025361
0 0.777523 0.544430 0.026314 0.025361
0 0.761273 0.560664 0.026314 0.025361
0 0.746844 0.578711 0.026302 0.025351
0 0.575531 0.176195 0.030117 0.028679
0 0.594289 0.150773 0.029729 0.028340
0 0.653930 0.213336 0.026314 0.025361
0 0.699031 0.280992 0.026302 0.025351
0 0.709852 0.313477 0.026314 0.025361
0 0.718883 0.265664 0.026314 0.025361
0 0.720594 0.159445 0.035157 0.033075
0 0.669258 0.198898 0.026314 0.025361
0 0.681828 0.180555 0.044223 0.040984
0 0.410336 0.050039 0.024921 0.026531
0 0.800977 0.507430 0.026314 0.025361
0 0.795555 0.471352 0.026314 0.025361
0 0.874047 0.530898 0.026302 0.025351
0 0.865023 0.437070 0.026314 0.025361
0 0.797367 0.367602 0.026314 0.025361
0 0.817211 0.347758 0.026314 0.025361
0 0.837961 0.326102 0.026314 0.025361
0 0.822625 0.289117 0.026302 0.025351
0 0.833445 0.279195 0.026314 0.025361
0 0.848789 0.250320 0.026314 0.025361
0 0.855102 0.299039 0.026314 0.025361
0 0.800977 0.308961 0.026314 0.025361
0 0.894805 0.404586 0.026314 0.025361
0 0.903820 0.346852 0.026314 0.025361
0 0.923664 0.325195 0.026314 0.025361
0 0.937195 0.358586 0.026314 0.025361
0 0.861414 0.591336 0.026314 0.025361
0 0.852398 0.606680 0.026314 0.025361
0 0.842477 0.617492 0.026314 0.025361
0 0.828945 0.629227 0.026314 0.025361
0 0.810898 0.653586 0.026314 0.025361
0 0.780227 0.628320 0.026314 0.025361
0 0.841570 0.558859 0.026304 0.025350
0 0.912836 0.487586 0.026314 0.025361
0 0.923664 0.474055 0.026314 0.025361
0 0.901117 0.550727 0.026314 0.025361
0 0.859820 0.543727 0.026314 0.025361
0 0.814914 0.592242 0.026314 0.025361
0 0.798883 0.607820 0.026314 0.025361
0 0.625273 0.360758 0.026314 0.025361
0 0.498398 0.214055 0.026314 0.025361
0 0.321391 0.550211 0.024929 0.026512
0 0.308789 0.539961 0.024938 0.026524
0 0.299211 0.529711 0.024938 0.026524
0 0.283242 0.519117 0.024938 0.026524
0 0.203609 0.441664 0.024929 0.026512
0 0.167992 0.413102 0.024938 0.026524
0 0.366242 0.107977 0.024938 0.026524
0 0.440852 0.168805 0.024938 0.026524
0 0.370945 0.365258 0.026314 0.025361
0 0.392008 0.285555 0.025331 0.026332
0 0.619930 0.510617 0.026314 0.025361
0 0.610805 0.535711 0.026314 0.025361
0 0.957289 0.591664 0.026314 0.025361
0 0.973148 0.566930 0.026314 0.025361
0 0.947023 0.494148 0.026314 0.025361
0 0.959617 0.427430 0.026314 0.025361
0 0.971742 0.416227 0.026314 0.025361
0 0.972680 0.320586 0.026314 0.025361
0 0.944227 0.447023 0.026314 0.025361
0 0.932086 0.461492 0.026314 0.025361
0 0.993680 0.297727 0.026314 0.025361
0 0.886711 0.253617 0.042869 0.039803
0 0.878898 0.158227 0.022414 0.026790
0 0.896164 0.168023 0.022414 0.026790
0 0.921820 0.181555 0.022414 0.026790
0 0.962414 0.203023 0.022414 0.026790
0 0.947023 0.297258 0.026314 0.025361
