0 0.780789 0.426414 0.026314 0.025361
0 0.792039 0.415805 0.026314 0.025361
0 0.823266 0.381445 0.026302 0.025351
0 0.842008 0.357711 0.026314 0.025361
0 0.791414 0.318992 0.026314 0.025361
0 0.815148 0.294008 0.026314 0.025361
0 0.763930 0.295883 0.026314 0.025361
0 0.742695 0.322742 0.026314 0.025361
0 0.722711 0.344602 0.026314 0.025361
0 0.758930 0.358336 0.026314 0.025361
0 0.716461 0.403305 0.026314 0.025361
0 0.686477 0.438289 0.026314 0.025361
0 0.616523 0.367711 0.026314 0.025361
0 0.639008 0.345227 0.026314 0.025361
0 0.658992 0.325242 0.026314 0.025361
0 0.675242 0.300258 0.026314 0.025361
0 0.654633 0.278398 0.026314 0.025361
0 0.640258 0.288383 0.026314 0.025361
0 0.619648 0.310867 0.026314 0.025361
0 0.672742 0.253414 0.026314 0.025361
0 0.705914 0.253055 0.042704 0.039659
0 0.530961 0.312742 0.026314 0.025361
0 0.519086 0.279023 0.026314 0.025361
0 0.539695 0.265898 0.026314 0.025361
0 0.732070 0.487633 0.026314 0.025361
0 0.742695 0.473883 0.026314 0.025361
0 0.765805 0.496367 0.026314 0.025361
0 0.754555 0.460773 0.026314 0.025361
0 0.762680 0.452023 0.026314 0.025361
0 0.891352 0.451398 0.026314 0.025361
0 0.921953 0.418305 0.026302 0.025351
0 0.938195 0.392695 0.026314 0.025361
0 0.792039 0.566336 0.026314 0.025361
0 0.775805 0.591930 0.026314 0.025361
0 0.678992 0.591930 0.026314 0.025361
0 0.699602 0.571320 0.026314 0.025361
0 0.718961 0.549461 0.026314 0.025361
0 0.694602 0.527602 0.026314 0.025361
0 0.648383 0.631914 0.026314 0.025361
0 0.659617 0.618789 0.026314 0.025361
0 0.669617 0.601930 0.026314 0.025361
0 0.602789 0.628164 0.026314 0.025361
0 0.631523 0.651898 0.026314 0.025361
0 0.565305 0.576945 0.026314 0.025361
0 0.582797 0.558836 0.026302 0.025351
0 0.597164 0.545086 0.026314 0.025361
0 0.572180 0.520727 0.026314 0.025361
0 0.626523 0.508242 0.026314 0.025361
0 0.614648 0.470148 0.026314 0.025361
0 0.541570 0.556336 0.026314 0.025361
0 0.532211 0.463273 0.026314 0.025361
0 0.518461 0.481383 0.026314 0.025361
0 0.502852 0.498242 0.026314 0.025361
0 0.955055 0.329602 0.026531 0.024921
0 0.933961 0.306313 0.026522 0.024909
0 0.894742 0.274820 0.025437 0.026268
0 0.860680 0.248680 0.025437 0.026268
0 0.830383 0.233242 0.023502 0.026820
0 0.781461 0.203133 0.023249 0.026828
0 0.741461 0.180945 0.023249 0.026828
0 0.716898 0.167086 0.023249 0.026828
0 0.699867 0.158977 0.023249 0.026828
0 0.231586 0.047633 0.023155 0.026828
0 0.415867 0.152602 0.025958 0.025836
0 0.396258 0.177445 0.025958 0.025836
0 0.481383 0.219164 0.025958 0.025836
0 0.497633 0.204602 0.025958 0.025836
0 0.543500 0.162508 0.031042 0.027553
0 0.505406 0.181102 0.043888 0.037964
0 0.616359 0.228961 0.031042 0.027553
0 0.679367 0.542602 0.030216 0.029050
0 0.661445 0.559117 0.030216 0.029050
0 0.632047 0.590195 0.030228 0.029060
0 0.617203 0.603367 0.030228 0.029060
0 0.493430 0.520758 0.030216 0.029050
0 0.428742 0.535039 0.030216 0.029050
0 0.439383 0.509273 0.030216 0.029050
0 0.419219 0.457461 0.030228 0.029060
0 0.403539 0.476789 0.030216 0.029050
0 0.470187 0.394742 0.030228 0.029060
0 0.478305 0.381586 0.030216 0.029050
0 0.499867 0.361133 0.030216 0.029050
0 0.473266 0.335648 0.030228 0.029060
0 0.463469 0.349930 0.030228 0.029060
0 0.446109 0.361414 0.030228 0.029060
0 0.352297 0.382133 0.030228 0.029060
0 0.331570 0.405102 0.030216 0.029050
0 0.319250 0.417977 0.030228 0.029060
0 0.305812 0.382133 0.030228 0.029060
0 0.315891 0.370102 0.030228 0.029060
0 0.325406 0.359461 0.030228 0.029060
0 0.333812 0.347695 0.030228 0.029060
0 0.343055 0.334539 0.030216 0.029050
0 0.369094 0.359180 0.030228 0.029060
0 0.378336 0.347977 0.030216 0.029050
0 0.364055 0.312414 0.030216 0.029050
0 0.406344 0.311570 0.030228 0.029060
0 0.415297 0.296727 0.030228 0.029060
0 0.391781 0.272086 0.030228 0.029060
0 0.384781 0.289164 0.030228 0.029060
0 0.343891 0.239039 0.030228 0.029060
0 0.355094 0.228680 0.030228 0.029060
0 0.295734 0.239039 0.030228 0.029060
0 0.271086 0.256695 0.030216 0.029050
0 0.301047 0.288617 0.030228 0.029060
0 0.286484 0.309336 0.030228 0.029060
0 0.250922 0.296727 0.030228 0.029060
0 0.252047 0.340414 0.030228 0.029060
0 0.189594 0.362539 0.030228 0.029060
0 0.234125 0.363664 0.030228 0.029060
0 0.223766 0.373461 0.030228 0.029060
0 0.212562 0.385492 0.030228 0.029060
0 0.203602 0.396148 0.030216 0.029050
0 0.194359 0.407898 0.030228 0.029060
0 0.178953 0.430867 0.030228 0.029060
0 0.166359 0.442633 0.030228 0.029060
0 0.156281 0.454383 0.030228 0.029060
0 0.119594 0.447383 0.030228 0.029060
0 0.144234 0.468664 0.030228 0.029060
0 0.091875 0.380180 0.030228 0.029060
0 0.111187 0.354414 0.030228 0.029060
0 0.110070 0.314930 0.030216 0.029050
0 0.145359 0.268445 0.030228 0.029060
0 0.156281 0.255008 0.030228 0.029060
0 0.177000 0.233445 0.030228 0.029060
0 0.187078 0.223648 0.030228 0.029060
0 0.197156 0.212164 0.030228 0.029060
0 0.113156 0.158961 0.030228 0.029060
0 0.028305 0.155320 0.030216 0.029050
0 0.018781 0.313258 0.030228 0.029060
0 0.021297 0.441508 0.028396 0.030653
0 0.105430 0.516953 0.026369 0.028154
0 0.117633 0.527477 0.026381 0.028164
0 0.131070 0.536430 0.026381 0.028164
0 0.143961 0.549039 0.026381 0.028164
0 0.261008 0.169883 0.026381 0.028164
0 0.185961 0.106039 0.026381 0.028164
0 0.211602 0.285148 0.026381 0.028164
