0 0.264719 0.764469 0.026347 0.024613
0 0.384727 0.730641 0.035277 0.029694
0 0.399547 0.703594 0.034410 0.027785
0 0.345797 0.606578 0.017000 0.025281
0 0.423250 0.513891 0.025415 0.027959
0 0.408633 0.490180 0.030830 0.032557
0 0.394398 0.486227 0.030437 0.031036
0 0.344805 0.520406 0.030670 0.029482
0 0.327820 0.495516 0.033077 0.032924
0 0.317352 0.483852 0.037045 0.033588
0 0.379984 0.453625 0.031622 0.030942
0 0.366938 0.432484 0.032594 0.031536
0 0.273875 0.260969 0.026234 0.024164
0 0.266766 0.247930 0.027498 0.023928
0 0.308648 0.198734 0.028725 0.026119
0 0.229219 0.167117 0.031837 0.028562
0 0.213414 0.137672 0.028508 0.023863
