0 0.199055 0.108039 0.030884 0.029095
0 0.213625 0.097180 0.031041 0.029753
0 0.147156 0.246320 0.035770 0.035533
0 0.269883 0.266680 0.032872 0.032710
0 0.179688 0.280727 0.033152 0.031728
0 0.205695 0.298430 0.033614 0.033649
0 0.217023 0.313508 0.033584 0.033635
0 0.263367 0.359414 0.032426 0.032710
0 0.176187 0.359094 0.033691 0.033570
0 0.229586 0.375742 0.032867 0.032572
0 0.337266 0.338320 0.030938 0.030593
0 0.287844 0.290125 0.034844 0.035066
0 0.280062 0.232977 0.039402 0.037276
0 0.257250 0.207758 0.031417 0.031620
0 0.242500 0.197023 0.037558 0.034526
0 0.299914 0.257656 0.035200 0.034631
0 0.314406 0.267859 0.035197 0.032690
0 0.333188 0.291203 0.031980 0.030980
0 0.353313 0.305391 0.030178 0.028124
0 0.379609 0.235383 0.033920 0.030801
0 0.367383 0.223695 0.032415 0.028646
0 0.347953 0.210703 0.036751 0.029256
0 0.340703 0.196219 0.035172 0.031479
0 0.325141 0.182539 0.038215 0.034120
0 0.314898 0.168211 0.035568 0.032337
0 0.436453 0.197773 0.035892 0.034236
0 0.423344 0.183609 0.038027 0.036145
0 0.389531 0.150602 0.040625 0.036801
0 0.371563 0.132359 0.039041 0.036278
0 0.344727 0.110086 0.037320 0.036251
0 0.328086 0.093719 0.039939 0.038977
0 0.388219 0.341594 0.032274 0.034956
0 0.377039 0.326500 0.033147 0.035057
0 0.365461 0.317016 0.027657 0.028680
0 0.325516 0.281203 0.033253 0.031459
0 0.045609 0.342227 0.032128 0.032989
0 0.032391 0.274641 0.029036 0.027408
0 0.053141 0.250086 0.031009 0.029708
0 0.076789 0.227531 0.029984 0.028612
0 0.133953 0.176094 0.031805 0.031202
0 0.145289 0.163250 0.031325 0.031668
0 0.166320 0.140648 0.031485 0.031177
0 0.219734 0.221812 0.029913 0.028774
0 0.250406 0.247742 0.032594 0.033277
0 0.315758 0.415953 0.025353 0.026041
0 0.304094 0.403086 0.028194 0.028999
0 0.338008 0.439180 0.025612 0.025122
0 0.326156 0.425656 0.024899 0.025162
0 0.139555 0.330313 0.029434 0.029755
0 0.236773 0.486406 0.030317 0.030017
0 0.103797 0.292281 0.037690 0.037525
