0 0.122414 0.104180 0.019484 0.019578
0 0.625133 0.321422 0.025516 0.032848
0 0.353883 0.745297 0.025828 0.030419
0 0.480484 0.574453 0.027243 0.031481
0 0.605781 0.578125 0.037091 0.026240
0 0.437672 0.595094 0.026675 0.031467
0 0.378273 0.628273 0.027221 0.031460
0 0.336500 0.656953 0.031419 0.026106
0 0.328305 0.670875 0.031412 0.026092
0 0.318469 0.687258 0.031405 0.026099
0 0.368445 0.755672 0.025828 0.030419
0 0.449555 0.804813 0.025828 0.030419
0 0.436078 0.792094 0.029367 0.035374
0 0.410633 0.775328 0.025828 0.030419
0 0.392656 0.768344 0.028488 0.033724
0 0.482719 0.665531 0.027287 0.034265
0 0.456922 0.678250 0.027287 0.034265
0 0.429070 0.691766 0.027302 0.034271
0 0.621992 0.567242 0.037111 0.026261
0 0.599055 0.627047 0.037105 0.026247
0 0.594141 0.643430 0.037097 0.026255
0 0.583898 0.671695 0.037111 0.026261
0 0.578164 0.686852 0.037033 0.022605
0 0.561375 0.730266 0.037091 0.026240
0 0.516719 0.790891 0.035897 0.031130
0 0.544984 0.755664 0.035553 0.031830
0 0.537203 0.768773 0.035553 0.031830
0 0.526141 0.779422 0.035525 0.031852
0 0.573250 0.703648 0.037140 0.025179
0 0.567922 0.717977 0.037097 0.026255
0 0.634891 0.520945 0.033440 0.024634
0 0.628547 0.535289 0.037097 0.026255
0 0.638609 0.503734 0.033477 0.025236
0 0.648625 0.474672 0.033477 0.025236
0 0.676469 0.418555 0.033484 0.025250
0 0.687937 0.370219 0.033477 0.025236
0 0.653945 0.331719 0.025516 0.032848
0 0.669508 0.337047 0.025516 0.032848
0 0.599219 0.122875 0.033477 0.025236
0 0.594125 0.138398 0.033484 0.025250
0 0.586906 0.152047 0.033477 0.025236
0 0.581555 0.166766 0.033463 0.025230
0 0.576469 0.181750 0.033477 0.025236
0 0.571656 0.196461 0.033484 0.025250
0 0.565898 0.209727 0.030460 0.023841
0 0.561328 0.223352 0.028662 0.022815
0 0.356609 0.069078 0.027860 0.033282
0 0.326203 0.221633 0.033466 0.026475
0 0.316063 0.207633 0.033466 0.026475
0 0.466203 0.226461 0.033466 0.026475
0 0.472961 0.241422 0.033445 0.026454
0 0.456547 0.208594 0.033459 0.026461
0 0.444250 0.256633 0.030047 0.023961
0 0.458484 0.286320 0.030047 0.023961
0 0.450266 0.271836 0.030047 0.023961
0 0.496617 0.283430 0.030033 0.023954
0 0.477797 0.328805 0.030047 0.023961
0 0.493234 0.354398 0.030047 0.023961
0 0.507234 0.384805 0.030047 0.023961
0 0.489859 0.375148 0.030047 0.023961
0 0.528484 0.354883 0.030047 0.023961
0 0.534750 0.367430 0.030047 0.023961
0 0.522687 0.410883 0.030047 0.023961
0 0.549234 0.397352 0.030047 0.023961
0 0.558406 0.410398 0.030047 0.023961
0 0.575313 0.436461 0.030047 0.023961
0 0.550687 0.467367 0.030047 0.023961
0 0.557453 0.480883 0.030047 0.023961
0 0.545375 0.452883 0.030047 0.023961
0 0.539578 0.438398 0.030047 0.023961
0 0.530406 0.424883 0.030047 0.023961