0 0.495922 0.673289 0.034687 0.030799
0 0.453625 0.607578 0.034127 0.030770
0 0.424281 0.619289 0.033420 0.030243
0 0.416797 0.602898 0.029945 0.026801
0 0.437859 0.465711 0.030066 0.028395
0 0.389586 0.508031 0.024163 0.022310
0 0.385313 0.396547 0.031668 0.028355
0 0.375773 0.384508 0.030611 0.027193
0 0.361750 0.364719 0.024968 0.023977
0 0.334422 0.438578 0.034979 0.031711
0 0.331867 0.607687 0.030539 0.027628
0 0.348148 0.627891 0.036639 0.033976
0 0.364023 0.656937 0.040647 0.036850
0 0.312289 0.581930 0.033771 0.028177
0 0.297250 0.556172 0.034543 0.030309
0 0.593594 0.978078 0.031308 0.026839
0 0.278094 0.356383 0.034353 0.031642
0 0.345414 0.134672 0.028884 0.027551
0 0.515938 0.878086 0.035171 0.033351
0 0.245062 0.359273 0.036217 0.034190
0 0.684211 0.986164 0.028377 0.024059
0 0.295687 0.372359 0.032989 0.028452
0 0.397867 0.577625 0.033061 0.029680
0 0.429117 0.571531 0.030192 0.026554
0 0.724711 0.992148 0.025986 0.023483
0 0.354367 0.461039 0.029631 0.028207
0 0.363031 0.473547 0.029732 0.027459
0 0.145617 0.168523 0.029627 0.028302
0 0.607250 0.828055 0.028113 0.025821
0 0.343266 0.450969 0.029800 0.027230
0 0.712023 0.981219 0.029384 0.027018
0 0.179187 0.218281 0.027660 0.025999
0 0.441281 0.496297 0.015875 0.025844
0 0.403086 0.536859 0.023665 0.023753
0 0.373086 0.490734 0.034629 0.031961
0 0.548781 0.747680 0.028834 0.027238
0 0.541445 0.736680 0.029688 0.028381
0 0.281602 0.532359 0.029078 0.026199
0 0.559070 0.759078 0.030026 0.028507
0 0.442109 0.584750 0.027781 0.025894
0 0.209625 0.139664 0.027708 0.026482
0 0.388289 0.564047 0.030483 0.026168
0 0.397172 0.523883 0.024959 0.024954
0 0.092516 0.260437 0.034524 0.031599
0 0.592711 0.808258 0.028785 0.027210
0 0.326602 0.110508 0.031917 0.027327
0 0.312117 0.087055 0.033911 0.030094
0 0.185219 0.269461 0.031385 0.028954
0 0.115992 0.296531 0.035009 0.031571
0 0.175867 0.384227 0.033473 0.031137
0 0.207219 0.427859 0.037841 0.033162
0 0.136008 0.321977 0.029946 0.028298
0 0.204711 0.309656 0.030618 0.027603
0 0.233742 0.289609 0.028333 0.026700
0 0.250656 0.307984 0.031262 0.029183
0 0.222039 0.329914 0.031938 0.029535
0 0.262141 0.329703 0.033072 0.029346
0 0.269664 0.394906 0.036714 0.034329
0 0.362984 0.203914 0.029260 0.026118
0 0.687070 0.941836 0.033983 0.030888
0 0.717461 0.866500 0.028509 0.025899
0 0.699242 0.842445 0.026130 0.022989
0 0.572648 0.777000 0.027208 0.025500
0 0.584773 0.851070 0.031095 0.027112
0 0.554984 0.812688 0.030818 0.029154
0 0.621906 0.729172 0.031813 0.030028
0 0.636867 0.753352 0.031619 0.030272
0 0.531266 0.601953 0.030939 0.028081
0 0.496352 0.834750 0.027882 0.026880
0 0.479305 0.819219 0.036929 0.034062
0 0.463117 0.790656 0.031804 0.029725
0 0.443391 0.767758 0.029468 0.024660
0 0.423453 0.742273 0.034797 0.030275
0 0.534781 0.775359 0.032372 0.029081
0 0.507000 0.740086 0.033854 0.030514
0 0.524328 0.708555 0.032030 0.027084
0 0.487180 0.714961 0.034439 0.029405
0 0.470484 0.691391 0.035875 0.031500
0 0.453625 0.664539 0.035468 0.029947
0 0.485625 0.652055 0.032538 0.028745