0 0.221422 0.067906 0.029800 0.027230
0 0.204359 0.048320 0.029812 0.027239
0 0.230578 0.027469 0.029800 0.027230
0 0.246063 0.047688 0.029800 0.027230
0 0.263438 0.072328 0.029800 0.027230
0 0.174656 0.123203 0.029800 0.027230
0 0.183828 0.008516 0.029800 0.027230
0 0.135797 0.060328 0.029800 0.027230
0 0.116844 0.034422 0.029800 0.027230
0 0.439594 0.234461 0.018500 0.018328
0 0.089672 0.002195 0.029812 0.027239
0 0.520805 0.609969 0.016766 0.016281
0 0.365289 0.211875 0.026906 0.024500
0 0.795063 0.832437 0.029600 0.027832
0 0.397477 0.319266 0.029776 0.027466
0 0.354680 0.199656 0.030846 0.027289
0 0.427562 0.310508 0.027526 0.023924
0 0.724187 0.728789 0.028595 0.027791
0 0.343445 0.188523 0.029707 0.027246
0 0.608977 0.563227 0.027421 0.025422
0 0.242250 0.095648 0.029963 0.026951
0 0.405922 0.271609 0.028543 0.023867
0 0.719633 0.898992 0.029828 0.025253
0 0.551031 0.483883 0.025880 0.023934
0 0.373969 0.225320 0.035708 0.032476
0 0.540219 0.474039 0.027977 0.026925
0 0.717648 0.717492 0.027728 0.026779
0 0.828430 0.930930 0.034656 0.032672
0 0.559836 0.497695 0.027391 0.025003
0 0.385797 0.305688 0.028411 0.026090
0 0.721977 0.784094 0.029301 0.026941
0 0.276742 0.095625 0.033636 0.030305
0 0.401039 0.262023 0.027805 0.023246
0 0.282461 0.269406 0.029383 0.024922
0 0.687969 0.679773 0.029623 0.028556
0 0.591656 0.717711 0.032787 0.028124
0 0.625539 0.761859 0.030843 0.027693
0 0.640727 0.788031 0.032553 0.029159
0 0.735375 0.921711 0.036075 0.033391
0 0.675547 0.837344 0.034055 0.030616
0 0.662461 0.811875 0.032373 0.030874
0 0.711305 0.772609 0.032829 0.030937
0 0.746133 0.824250 0.034016 0.030140
0 0.773008 0.803453 0.035210 0.031239
0 0.785164 0.817484 0.030296 0.028034
0 0.817641 0.860719 0.036825 0.033178
0 0.821148 0.884547 0.030740 0.027698
0 0.784453 0.871703 0.029067 0.026828
0 0.864383 0.904180 0.029861 0.026527
0 0.876680 0.833258 0.033440 0.033684
0 0.701961 0.759750 0.030556 0.028691
0 0.685367 0.720961 0.029644 0.027615
0 0.718547 0.602703 0.026728 0.024576
0 0.913000 0.887383 0.036145 0.028749
0 0.754312 0.945312 0.034781 0.032436
0 0.763883 0.957906 0.027797 0.024124
0 0.770898 0.968211 0.030774 0.027563
0 0.472609 0.427719 0.029800 0.027230
0 0.486422 0.389234 0.029800 0.027230
0 0.452375 0.401562 0.029800 0.027230
0 0.423266 0.355187 0.029800 0.027230
0 0.451391 0.340875 0.029800 0.027230
0 0.443000 0.323109 0.029800 0.027230
0 0.415375 0.339391 0.029800 0.027230
0 0.366523 0.395641 0.029791 0.027217
0 0.496781 0.411438 0.029800 0.027230
0 0.524906 0.447937 0.029800 0.027230
0 0.488891 0.453859 0.029800 0.027230
0 0.620141 0.470641 0.029800 0.027230
0 0.593500 0.543672 0.029800 0.027230
0 0.572766 0.515547 0.029800 0.027230
0 0.556984 0.552547 0.029800 0.027230
0 0.585594 0.589562 0.029800 0.027230
0 0.536258 0.514563 0.029791 0.027217
0 0.507641 0.476562 0.029800 0.027230
0 0.495797 0.576234 0.029800 0.027230
0 0.480500 0.556984 0.029800 0.027230
0 0.461750 0.528859 0.029800 0.027230
0 0.443000 0.502219 0.029800 0.027230
0 0.424750 0.479031 0.029800 0.027230
0 0.331937 0.345500 0.029800 0.027230
0 0.351539 0.366687 0.036485 0.034301
0 0.437203 0.203125 0.029800 0.027230
0 0.387594 0.130469 0.029800 0.027230
0 0.376531 0.119094 0.029800 0.027230
0 0.333750 0.175922 0.031995 0.028566
0 0.302609 0.290641 0.029800 0.027230
0 0.267234 0.132984 0.029800 0.027230
0 0.207828 0.167734 0.029800 0.027230
0 0.293906 0.110031 0.031858 0.027797