0 0.618086 0.705953 0.024447 0.031331
0 0.634820 0.761242 0.024442 0.031316
0 0.618086 0.764883 0.024442 0.031316
0 0.599898 0.712500 0.024447 0.031331
0 0.572250 0.722680 0.024457 0.031322
0 0.555516 0.727773 0.024457 0.031322
0 0.573711 0.778703 0.024447 0.031331
0 0.527867 0.793258 0.024442 0.031316
0 0.526414 0.735781 0.024447 0.031331
0 0.519141 0.660844 0.024462 0.031336
0 0.493672 0.636102 0.024457 0.031322
0 0.473305 0.673937 0.024447 0.031331
0 0.445656 0.650656 0.024462 0.031336
0 0.398359 0.705953 0.024462 0.031336
0 0.416555 0.700859 0.024447 0.031331
0 0.372898 0.676844 0.024447 0.031331
0 0.436922 0.764156 0.024462 0.031336
0 0.468211 0.759789 0.024442 0.031316
0 0.484945 0.810719 0.024447 0.031331
0 0.501680 0.804172 0.024447 0.031331
0 0.455117 0.821633 0.024442 0.031316
0 0.412914 0.834727 0.024442 0.031316
0 0.349617 0.798352 0.024442 0.031316
0 0.316148 0.700859 0.024447 0.031331
0 0.346703 0.689219 0.024462 0.031336
0 0.300867 0.706672 0.024447 0.031331
0 0.522773 0.628828 0.024447 0.031331
0 0.537328 0.624461 0.024457 0.031322
0 0.551883 0.619367 0.024442 0.031316
0 0.566430 0.614273 0.024442 0.031316
0 0.580258 0.608453 0.024447 0.031331
0 0.599898 0.601906 0.024447 0.031331
0 0.611539 0.631734 0.024447 0.031331
0 0.594078 0.639742 0.024457 0.031322
0 0.577344 0.646289 0.024457 0.031322
0 0.577344 0.540063 0.024462 0.031336
0 0.551883 0.518234 0.024447 0.031331
0 0.563523 0.547344 0.024447 0.031331
0 0.544602 0.553891 0.024447 0.031331
0 0.522047 0.523328 0.024462 0.031336
0 0.518414 0.558250 0.024447 0.031331
0 0.504586 0.526969 0.024447 0.031331
0 0.476211 0.540789 0.024442 0.031316
0 0.448562 0.551703 0.024462 0.031336
0 0.432555 0.553891 0.024447 0.031331
0 0.440563 0.582984 0.024462 0.031336
0 0.470391 0.574258 0.024457 0.031322
0 0.425281 0.590266 0.024462 0.031336
0 0.400547 0.566984 0.024462 0.031336
0 0.376539 0.577172 0.024447 0.031331
0 0.359070 0.580805 0.024442 0.031316
0 0.340156 0.584445 0.024457 0.031322
0 0.351070 0.513875 0.024447 0.031331
0 0.328516 0.516055 0.024457 0.031322
0 0.311781 0.524781 0.024462 0.031336
0 0.293594 0.530609 0.024462 0.031336
0 0.263758 0.538609 0.024447 0.031331
0 0.314695 0.593906 0.024447 0.031331
0 0.300141 0.600453 0.024462 0.031336
0 0.285586 0.605547 0.024447 0.031331
0 0.268852 0.610641 0.024447 0.031331
0 0.239750 0.621547 0.024462 0.031336
0 0.236117 0.550977 0.024442 0.031316
0 0.221563 0.556797 0.024462 0.031336
0 0.235383 0.655016 0.024447 0.031331
0 0.263758 0.647016 0.024447 0.031331
0 0.290680 0.637555 0.024442 0.031316
0 0.306688 0.631008 0.024457 0.031322
0 0.324875 0.625914 0.024457 0.031322
0 0.338703 0.617188 0.024462 0.031336
0 0.319055 0.806352 0.024442 0.031316
0 0.335789 0.860195 0.024442 0.031316
0 0.293594 0.817266 0.024462 0.031336
0 0.274672 0.823086 0.024457 0.031322
0 0.252852 0.757609 0.024447 0.031331
0 0.240477 0.725594 0.024447 0.031331
0 0.228109 0.836906 0.024462 0.031336
0 0.172086 0.857281 0.024447 0.031331
0 0.164086 0.785984 0.024447 0.031331
0 0.200461 0.745969 0.024447 0.031331
0 0.225930 0.767797 0.024447 0.031331
0 0.134258 0.796891 0.024447 0.031331
0 0.090602 0.812906 0.024447 0.031331
0 0.062227 0.784531 0.024447 0.031331
0 0.016391 0.836188 0.024462 0.031336
0 0.080414 0.886391 0.024447 0.031331
0 0.026570 0.726320 0.024442 0.031316
0 0.077508 0.677570 0.024442 0.031316
0 0.118250 0.695766 0.024462 0.031336
0 0.146625 0.687758 0.024457 0.031322
0 0.163359 0.681937 0.024462 0.031336
0 0.137164 0.653562 0.024447 0.031331
0 0.180820 0.641195 0.024442 0.031316
0 0.210648 0.629555 0.024442 0.031316
0 0.140070 0.599000 0.024447 0.031331
0 0.174273 0.569164 0.024442 0.031316
0 0.115336 0.589539 0.024442 0.031316
0 0.071680 0.607727 0.024442 0.031316
0 0.053492 0.551703 0.024447 0.031331
0 0.113156 0.531328 0.024462 0.031336
0 0.017117 0.624461 0.024442 0.031316
0 0.217922 0.494953 0.024462 0.031336
0 0.526406 0.453109 0.024462 0.031336
0 0.526406 0.393812 0.024462 0.031336
0 0.530234 0.312516 0.021157 0.030077
0 0.484320 0.302953 0.024447 0.031331
0 0.469023 0.305812 0.024447 0.031331
0 0.453719 0.308688 0.024462 0.031336
0 0.437461 0.316336 0.024442 0.031316
0 0.425023 0.321117 0.024442 0.031316
0 0.408766 0.325906 0.024462 0.031336
0 0.392508 0.331641 0.024447 0.031331
0 0.379117 0.335469 0.024447 0.031331
0 0.366687 0.339289 0.024457 0.031322
0 0.350430 0.346945 0.024442 0.031316
0 0.336078 0.352680 0.024457 0.031322
0 0.376250 0.372766 0.024462 0.031336
0 0.416422 0.355547 0.024462 0.031336
0 0.446070 0.350766 0.024447 0.031331
0 0.463281 0.340250 0.024462 0.031336
0 0.259563 0.480844 0.024462 0.031336
0 0.235656 0.490406 0.024462 0.031336
0 0.255742 0.407195 0.024442 0.031316
0 0.301648 0.394766 0.024447 0.031331
0 0.315992 0.391891 0.024447 0.031331
0 0.322687 0.357461 0.024457 0.031322
0 0.307383 0.360328 0.024447 0.031331
0 0.290172 0.366070 0.024457 0.031322
0 0.274867 0.371812 0.024447 0.031331
0 0.243305 0.381375 0.024447 0.031331
0 0.213656 0.390937 0.024462 0.031336
0 0.226094 0.424414 0.024457 0.031322
0 0.197398 0.432062 0.024447 0.031331
0 0.184969 0.399547 0.024462 0.031336
0 0.171578 0.405281 0.024462 0.031336
0 0.157227 0.410062 0.024447 0.031331
0 0.151492 0.447367 0.024442 0.031316
0 0.125664 0.421547 0.024447 0.031331
0 0.124711 0.457891 0.024447 0.031331
0 0.097930 0.466492 0.024442 0.031316
0 0.063500 0.474148 0.024457 0.031322
0 0.080719 0.468406 0.024462 0.031336
0 0.049156 0.479891 0.024462 0.031336
0 0.015680 0.487539 0.024442 0.031316
0 0.074977 0.364156 0.024447 0.031331
0 0.046281 0.377547 0.024462 0.031336
0 0.090281 0.325906 0.024462 0.031336
0 0.131406 0.345031 0.024462 0.031336
0 0.115148 0.242695 0.024442 0.031316
0 0.201227 0.210172 0.024447 0.031331
0 0.196445 0.287641 0.024447 0.031331
0 0.179227 0.331641 0.024447 0.031331
0 0.203141 0.320164 0.024457 0.031322
0 0.252867 0.306773 0.024442 0.031316
0 0.233742 0.267563 0.024447 0.031331
0 0.284430 0.294344 0.024447 0.031331
0 0.298781 0.258953 0.024462 0.031336
0 0.313125 0.290516 0.024462 0.031336
0 0.315992 0.251297 0.024447 0.031331
0 0.339906 0.273297 0.024462 0.031336
0 0.327469 0.239828 0.024462 0.031336
0 0.358078 0.236953 0.024462 0.031336
0 0.369555 0.265648 0.024442 0.031316
0 0.385813 0.264687 0.024462 0.031336
0 0.370508 0.232172 0.024447 0.031331
0 0.387727 0.229305 0.024442 0.031316
0 0.401117 0.260867 0.024442 0.031316
0 0.416422 0.254172 0.024462 0.031336
0 0.427898 0.245563 0.024447 0.031331
0 0.448937 0.241734 0.024462 0.031336
0 0.483367 0.368938 0.031726 0.026016
0 0.290172 0.125055 0.024457 0.031322
0 0.315992 0.121234 0.024447 0.031331
0 0.340859 0.111664 0.024457 0.031322
0 0.360945 0.104016 0.024447 0.031331
0 0.381984 0.095406 0.024462 0.031336
0 0.404938 0.088711 0.024457 0.031322
0 0.417375 0.148008 0.024457 0.031322
0 0.387727 0.150875 0.024447 0.031331
0 0.184969 0.161398 0.024457 0.031322
0 0.170617 0.167141 0.024447 0.031331
0 0.156273 0.174789 0.024442 0.031316
0 0.128539 0.184352 0.024442 0.031316
0 0.110367 0.188180 0.024442 0.031316
0 0.083586 0.193914 0.024442 0.031316
0 0.064453 0.202523 0.024457 0.031322
0 0.037680 0.214000 0.024447 0.031331
0 0.020461 0.219742 0.024442 0.031316
0 0.030984 0.140359 0.024462 0.031336
0 0.032898 0.106883 0.024442 0.031316
0 0.015680 0.111664 0.024442 0.031316
0 0.050109 0.100188 0.024462 0.031336
0 0.075930 0.128883 0.024442 0.031316
0 0.109406 0.115492 0.024457 0.031322
0 0.110367 0.082969 0.024447 0.031331
0 0.140969 0.070539 0.024457 0.031322
0 0.148617 0.098273 0.024442 0.031316
0 0.162969 0.096359 0.024462 0.031336
0 0.179227 0.092539 0.024442 0.031316
0 0.168703 0.060016 0.024462 0.031336
0 0.199313 0.054281 0.024462 0.031336
0 0.212703 0.048539 0.024457 0.031322
0 0.228008 0.039938 0.024447 0.031331
0 0.237570 0.071500 0.024447 0.031331
0 0.209828 0.082016 0.024462 0.031336
0 0.267219 0.059062 0.024462 0.031336
0 0.257648 0.031328 0.024447 0.031331
0 0.273914 0.026547 0.024447 0.031331
0 0.288258 0.021766 0.024447 0.031331
0 0.299734 0.017938 0.024462 0.031336
0 0.314078 0.047586 0.024457 0.031322
0 0.344688 0.037063 0.024462 0.031336
0 0.382945 0.018891 0.024447 0.031331
0 0.398250 0.011242 0.024457 0.031322
0 0.332250 0.006461 0.024457 0.031322
0 0.447016 0.007070 0.020658 0.020533
0 0.406852 0.045672 0.031815 0.026523
0 0.014727 0.038016 0.024447 0.031331
0 0.118930 0.007945 0.020705 0.020705
0 0.150875 0.003289 0.019952 0.018529