0 0.821133 0.144469 0.024303 0.031287
0 0.516898 0.033305 0.023598 0.031043
0 0.551023 0.043055 0.023598 0.031043
0 0.532500 0.041109 0.023618 0.031062
0 0.577352 0.053781 0.023603 0.031058
0 0.839656 0.152266 0.023618 0.031062
0 0.517867 0.151289 0.024761 0.031410
0 0.452539 0.173719 0.022085 0.030481
0 0.425234 0.183469 0.022100 0.030484
0 0.392086 0.123016 0.022085 0.030481
0 0.372578 0.052805 0.022097 0.030469
0 0.397937 0.039156 0.022100 0.030484
0 0.415484 0.035250 0.022100 0.030484
0 0.430109 0.027453 0.022100 0.030484
0 0.445711 0.023555 0.022082 0.030465
0 0.462289 0.020625 0.022085 0.030481
0 0.358930 0.053781 0.022085 0.030481
0 0.342352 0.059633 0.022082 0.030465
0 0.325773 0.063531 0.022085 0.030481
0 0.313102 0.069383 0.022082 0.030465
0 0.298477 0.075234 0.022085 0.030481
0 0.285797 0.080109 0.022100 0.030484
0 0.270195 0.085961 0.022082 0.030465
0 0.238992 0.096688 0.022085 0.030481
0 0.208766 0.107414 0.022097 0.030469
0 0.177555 0.117164 0.022082 0.030465
0 0.133680 0.133742 0.022082 0.030465
0 0.102477 0.141539 0.022082 0.030465
0 0.198039 0.183469 0.022085 0.030481
0 0.219492 0.178594 0.022085 0.030481
0 0.263367 0.162016 0.022085 0.030481
0 0.289695 0.156172 0.022085 0.030481
0 0.314078 0.203945 0.022097 0.030469
0 0.293602 0.211750 0.022085 0.030481
0 0.250695 0.227352 0.022082 0.030465
0 0.224367 0.233203 0.022085 0.030481
0 0.187312 0.246852 0.022097 0.030469
0 0.314078 0.279031 0.022100 0.030484
0 0.328703 0.274156 0.022100 0.030484
0 0.355031 0.300484 0.022100 0.030484
0 0.368680 0.287805 0.022082 0.030465
0 0.392086 0.358016 0.022085 0.030481
0 0.448641 0.377516 0.022100 0.030484
0 0.381359 0.392141 0.022100 0.030484
0 0.375508 0.360938 0.022085 0.030481
0 0.397937 0.388242 0.022097 0.030469
0 0.342352 0.408719 0.022085 0.030481
0 0.331625 0.382391 0.022100 0.030484
0 0.313102 0.318031 0.022085 0.030481
0 0.253617 0.299508 0.022082 0.030465
0 0.265320 0.325836 0.022082 0.030465
0 0.277023 0.325836 0.022082 0.030465
0 0.294570 0.321938 0.022085 0.030481
0 0.303352 0.388242 0.022082 0.030465
0 0.311148 0.419445 0.022082 0.030465
0 0.287742 0.390195 0.022082 0.030465
0 0.276047 0.398000 0.022100 0.030484
0 0.259469 0.402875 0.022100 0.030484
0 0.234117 0.340461 0.022082 0.030465
0 0.218516 0.342414 0.022097 0.030469
0 0.266289 0.433094 0.022085 0.030481
0 0.239969 0.442852 0.022097 0.030469
0 0.227289 0.415547 0.022085 0.030481
0 0.213641 0.422375 0.022100 0.030484
0 0.197063 0.426273 0.022097 0.030469
0 0.208766 0.454547 0.022100 0.030484
0 0.190234 0.354117 0.022097 0.030469
0 0.149281 0.328766 0.022100 0.030484
0 0.142453 0.369719 0.022100 0.030484
0 0.117102 0.375563 0.022085 0.030481
0 0.141484 0.442852 0.022097 0.030469
0 0.180484 0.467227 0.022097 0.030469
0 0.172680 0.436023 0.022082 0.030465
0 0.075172 0.356063 0.022100 0.030484
0 0.082977 0.279031 0.022085 0.030481
0 0.064445 0.155187 0.022085 0.030481
0 0.013742 0.410672 0.022085 0.030481
0 0.048844 0.473078 0.022100 0.030484
0 0.075172 0.498430 0.022097 0.030469
0 0.105398 0.489656 0.022085 0.030481
0 0.112227 0.455523 0.022082 0.030465
0 0.146359 0.472102 0.022097 0.030469
0 0.163906 0.469180 0.022097 0.030469
0 0.187312 0.535484 0.022100 0.030484
0 0.168781 0.539383 0.022097 0.030469
0 0.205836 0.587164 0.022082 0.030465
0 0.158055 0.544266 0.022085 0.030481
0 0.128805 0.552063 0.022085 0.030481
0 0.109305 0.558891 0.022085 0.030481
0 0.114180 0.615445 0.022082 0.030465
0 0.084922 0.570594 0.022100 0.030484
0 0.066398 0.576438 0.022085 0.030481
0 0.027391 0.513055 0.022097 0.030469
0 0.033242 0.477953 0.022085 0.030481
0 0.037148 0.582289 0.022082 0.030465
0 0.019594 0.593016 0.022100 0.030484
0 0.287742 0.494531 0.022085 0.030481
0 0.314078 0.491609 0.022100 0.030484
0 0.341375 0.484781 0.022100 0.030484
0 0.360883 0.476977 0.022082 0.030465
0 0.380383 0.469180 0.022082 0.030465
0 0.404758 0.460406 0.022085 0.030481
0 0.415484 0.519883 0.022097 0.030469
0 0.389156 0.525734 0.022100 0.030484
0 0.453516 0.575469 0.022100 0.030484
0 0.462289 0.607641 0.022085 0.030481
0 0.445711 0.615445 0.022082 0.030465
0 0.436937 0.581312 0.022100 0.030484
0 0.421336 0.585219 0.022085 0.030481
0 0.431086 0.619344 0.022085 0.030481
0 0.413531 0.627141 0.022100 0.030484
0 0.405734 0.593992 0.022097 0.030469
0 0.389156 0.598867 0.022097 0.030469
0 0.375508 0.604719 0.022085 0.030481
0 0.359906 0.607641 0.022100 0.030484
0 0.368680 0.638844 0.022085 0.030481
0 0.385258 0.634945 0.022082 0.030465
0 0.399883 0.631047 0.022085 0.030481
0 0.482766 0.677852 0.022097 0.030469
0 0.470094 0.677852 0.022097 0.030469
0 0.455461 0.681750 0.022085 0.030481
0 0.436937 0.689547 0.022100 0.030484
0 0.424258 0.692477 0.022082 0.030465
0 0.407688 0.698328 0.022100 0.030484
0 0.392086 0.701250 0.022085 0.030481
0 0.378430 0.706125 0.022085 0.030481
0 0.365758 0.711977 0.022082 0.030465
0 0.348203 0.717828 0.022100 0.030484
0 0.335523 0.723680 0.022082 0.030465
0 0.340398 0.644695 0.022082 0.030465
0 0.330648 0.616422 0.022085 0.030481
0 0.318953 0.621297 0.022100 0.030484
0 0.301398 0.625195 0.022082 0.030465
0 0.310172 0.656398 0.022097 0.030469
0 0.285797 0.667125 0.022100 0.030484
0 0.243867 0.645672 0.022085 0.030481
0 0.248742 0.675898 0.022082 0.030465
0 0.199984 0.660297 0.022100 0.030484
0 0.206813 0.692477 0.022097 0.030469
0 0.177555 0.703203 0.022085 0.030481
0 0.133680 0.715875 0.022085 0.030481
0 0.092727 0.697352 0.022082 0.030465
0 0.074203 0.737328 0.022070 0.030477
0 0.043969 0.748062 0.022100 0.030484
0 0.532500 0.682727 0.022097 0.030469
0 0.404758 0.420422 0.030464 0.022045
0 0.178531 0.292687 0.030467 0.022060
0 0.088086 0.311156 0.027916 0.015231
0 0.017039 0.863633 0.022082 0.030465
0 0.045422 0.854172 0.022070 0.030477
0 0.060281 0.846063 0.022070 0.030477
0 0.075156 0.842016 0.022070 0.030477
0 0.096773 0.837953 0.022085 0.030481
0 0.125156 0.829852 0.022066 0.030462
0 0.126508 0.794711 0.022082 0.030465
0 0.150828 0.821742 0.022066 0.030462
0 0.156234 0.782547 0.022070 0.030477
0 0.168398 0.778500 0.022085 0.030481
0 0.180563 0.774438 0.022070 0.030477
0 0.190023 0.806875 0.022085 0.030481
0 0.226508 0.794711 0.022082 0.030465
0 0.213000 0.763633 0.022066 0.030462
0 0.244078 0.750117 0.022066 0.030462
0 0.257594 0.785250 0.022070 0.030477
0 0.276516 0.740656 0.022070 0.030477
0 0.284625 0.735250 0.022070 0.030477
0 0.302187 0.732547 0.022070 0.030477
0 0.318406 0.728492 0.022066 0.030462
0 0.373812 0.744711 0.022066 0.030462
0 0.296781 0.767687 0.022070 0.030477
0 0.311648 0.762281 0.022085 0.030481
0 0.414359 0.728492 0.022066 0.030462
0 0.445437 0.720391 0.022070 0.030477
0 0.461656 0.713625 0.022070 0.030477
0 0.523820 0.766328 0.022085 0.030481
0 0.526523 0.825797 0.022085 0.030481
0 0.575172 0.909578 0.022070 0.030477
0 0.550844 0.889313 0.022070 0.030477
0 0.563008 0.916344 0.022085 0.030481
0 0.545438 0.928500 0.022070 0.030477
0 0.519766 0.897422 0.022070 0.030477
0 0.502195 0.902828 0.022085 0.030481
0 0.515711 0.931203 0.022085 0.030481
0 0.598148 0.975797 0.022085 0.030481
0 0.579227 0.981203 0.022085 0.030481
0 0.567063 0.985266 0.022070 0.030477
0 0.471109 0.946070 0.022066 0.030462
0 0.479219 0.912281 0.022070 0.030477
0 0.449492 0.923094 0.022085 0.030481
0 0.430570 0.929852 0.022082 0.030465
0 0.441383 0.956883 0.022082 0.030465
0 0.427867 0.960938 0.022085 0.030481
0 0.352187 0.883906 0.022070 0.030477
0 0.329219 0.889313 0.022070 0.030477
0 0.307594 0.897422 0.022070 0.030477
0 0.295430 0.902828 0.022085 0.030481
0 0.264352 0.913641 0.022085 0.030481
0 0.233266 0.921750 0.022070 0.030477
0 0.219750 0.928500 0.022070 0.030477
0 0.215695 0.870391 0.022085 0.030481
0 0.231914 0.864984 0.022085 0.030481
0 0.257594 0.856875 0.022070 0.030477
0 0.110289 0.906875 0.022085 0.030481
0 0.171102 0.943367 0.022082 0.030465
0 0.138672 0.970391 0.022070 0.030477
0 0.110289 0.960938 0.022085 0.030481
0 0.045422 0.920391 0.022070 0.030477
0 0.071094 0.979859 0.022070 0.030477
0 0.315703 0.966344 0.022070 0.030477
0 0.341375 0.958234 0.022070 0.030477
0 0.356242 0.958234 0.022085 0.030481
0 0.376516 0.951477 0.022066 0.030462
0 0.404891 0.940664 0.022066 0.030462
0 0.300836 0.973094 0.022085 0.030481
0 0.290023 0.977156 0.022085 0.030481
0 0.265703 0.986609 0.022070 0.030477
0 0.235969 0.989313 0.022070 0.030477
0 0.486828 0.744281 0.031166 0.023923
0 0.016906 0.482656 0.022100 0.030484