0 0.186453 0.765828 0.024462 0.031336
0 0.171102 0.735125 0.024447 0.031331
0 0.267055 0.731289 0.024442 0.031316
0 0.299031 0.727453 0.024462 0.031336
0 0.350211 0.677562 0.024447 0.031331
0 0.391148 0.696750 0.024447 0.031331
0 0.421852 0.689070 0.024442 0.031316
0 0.363000 0.813164 0.024457 0.031322
0 0.337414 0.785016 0.024447 0.031331
0 0.286242 0.836195 0.024442 0.031316
0 0.165984 0.873297 0.024462 0.031336
0 0.235070 0.857937 0.024447 0.031331
0 0.236352 0.927031 0.024447 0.031331
0 0.352766 0.887367 0.024457 0.031322
0 0.446156 0.857937 0.024462 0.031336
0 0.406500 0.797813 0.024462 0.031336
0 0.435922 0.786297 0.024462 0.031336
0 0.473023 0.742805 0.024442 0.031316
0 0.497328 0.768391 0.024462 0.031336
0 0.524195 0.760711 0.024442 0.031316
0 0.516523 0.726172 0.024447 0.031331
0 0.508844 0.650687 0.024462 0.031336
0 0.435922 0.680117 0.024457 0.031322
0 0.455117 0.643016 0.024447 0.031331
0 0.409055 0.651969 0.024447 0.031331
0 0.411617 0.595680 0.024442 0.031316
0 0.388586 0.590563 0.024447 0.031331
0 0.345094 0.605914 0.024457 0.031322
0 0.287523 0.625102 0.024442 0.031316
0 0.325898 0.553461 0.024442 0.031316
0 0.384750 0.531711 0.024457 0.031322
0 0.449992 0.575211 0.024442 0.031316
0 0.493492 0.554742 0.024442 0.031316
0 0.507563 0.549625 0.024462 0.031336
0 0.485820 0.490773 0.024442 0.031316
0 0.505008 0.490773 0.024442 0.031316
0 0.533156 0.479258 0.024457 0.031322
0 0.538266 0.541953 0.024462 0.031336
0 0.566414 0.531711 0.024442 0.031316
0 0.580484 0.526594 0.024462 0.031336
0 0.599680 0.517641 0.024447 0.031331
0 0.621430 0.509969 0.024447 0.031331
0 0.796695 0.453672 0.024447 0.031331
0 0.799250 0.389703 0.024462 0.031336
0 0.805648 0.310391 0.024447 0.031331
0 0.760875 0.300156 0.024462 0.031336
0 0.742961 0.305273 0.024442 0.031316
0 0.728891 0.306547 0.024462 0.031336
0 0.739125 0.342375 0.024462 0.031336
0 0.718656 0.344930 0.024457 0.031322
0 0.712258 0.314227 0.024442 0.031316
0 0.698188 0.316781 0.024462 0.031336
0 0.684109 0.323187 0.024462 0.031336
0 0.668758 0.328297 0.024447 0.031331
0 0.652133 0.333422 0.024447 0.031331
0 0.636781 0.338531 0.024462 0.031336
0 0.645734 0.371797 0.024462 0.031336
0 0.690508 0.356445 0.024442 0.031316
0 0.621430 0.346211 0.024442 0.031316
0 0.607352 0.350047 0.024447 0.031331
0 0.592000 0.355164 0.024457 0.031322
0 0.577930 0.359000 0.024447 0.031331
0 0.563859 0.364125 0.024462 0.031336
0 0.548508 0.367953 0.024447 0.031331
0 0.568977 0.396109 0.024447 0.031331
0 0.588164 0.389703 0.024447 0.031331
0 0.512680 0.374359 0.024447 0.031331
0 0.529312 0.406336 0.024457 0.031322
0 0.497328 0.419133 0.024457 0.031322
0 0.484539 0.389703 0.024447 0.031331
0 0.458953 0.401219 0.024462 0.031336
0 0.464070 0.429367 0.024442 0.031316
0 0.441039 0.402500 0.024447 0.031331
0 0.426969 0.408898 0.024457 0.031322
0 0.421852 0.451117 0.024442 0.031316
0 0.391148 0.456234 0.024447 0.031331
0 0.402664 0.422969 0.024447 0.031331
0 0.370680 0.463906 0.024447 0.031331
0 0.351484 0.469031 0.024462 0.031336
0 0.336133 0.475422 0.024447 0.031331
0 0.320781 0.479258 0.024457 0.031322
0 0.291359 0.490773 0.024457 0.031322
0 0.258094 0.498453 0.024462 0.031336
0 0.187734 0.490773 0.024457 0.031322
0 0.197969 0.414016 0.024462 0.031336
0 0.232508 0.405062 0.024447 0.031331
0 0.270891 0.390984 0.024462 0.031336
0 0.319508 0.375633 0.024442 0.031316
0 0.345094 0.366680 0.024457 0.031322
0 0.361719 0.321906 0.024462 0.031336
0 0.403937 0.342375 0.024462 0.031336
0 0.455117 0.329578 0.024447 0.031331
0 0.479422 0.320625 0.024462 0.031336
0 0.467906 0.289922 0.024462 0.031336
0 0.515242 0.272008 0.024442 0.031316
0 0.525477 0.305273 0.024442 0.031316
0 0.556180 0.296312 0.024447 0.031331
0 0.585602 0.284805 0.024442 0.031316
0 0.571531 0.252820 0.024457 0.031322
0 0.589445 0.250266 0.024447 0.031331
0 0.612469 0.273289 0.024457 0.031322
0 0.641898 0.265609 0.024447 0.031331
0 0.602234 0.241305 0.024457 0.031322
0 0.634219 0.238750 0.024462 0.031336
0 0.648289 0.232352 0.024442 0.031316
0 0.662367 0.227234 0.024447 0.031331
0 0.675156 0.224672 0.024462 0.031336
0 0.691789 0.215719 0.024447 0.031331
0 0.712258 0.214438 0.024447 0.031331
0 0.726328 0.208047 0.024462 0.031336
0 0.722492 0.237469 0.024447 0.031331
0 0.703305 0.243859 0.024447 0.031331
0 0.689227 0.250266 0.024447 0.031331
0 0.677719 0.255375 0.024462 0.031336
0 0.661086 0.257937 0.024447 0.031331
0 0.826117 0.513805 0.024442 0.031316
0 0.849148 0.531711 0.024442 0.031316
0 0.837633 0.545781 0.024447 0.031331
0 0.822281 0.553461 0.024457 0.031322
0 0.792852 0.525312 0.024447 0.031331
0 0.781344 0.526594 0.024462 0.031336
0 0.789016 0.559859 0.024462 0.031336
0 0.745523 0.538109 0.024447 0.031331
0 0.538266 0.646852 0.024457 0.031322
0 0.512680 0.621266 0.024447 0.031331
0 0.479422 0.630219 0.024462 0.031336
0 0.542109 0.613594 0.024462 0.031336
0 0.557461 0.611031 0.024447 0.031331
0 0.572813 0.600797 0.024462 0.031336
0 0.589445 0.595680 0.024442 0.031316
0 0.617586 0.588000 0.024447 0.031331
0 0.632937 0.582891 0.024462 0.031336
0 0.647016 0.577766 0.024462 0.031336
0 0.617586 0.622547 0.024447 0.031331
0 0.600961 0.625102 0.024442 0.031316
0 0.583047 0.631500 0.024462 0.031336
0 0.567695 0.636617 0.024442 0.031316
0 0.574094 0.708266 0.024462 0.031336
0 0.590727 0.703141 0.024447 0.031331
0 0.623984 0.797813 0.024462 0.031336
0 0.593281 0.808047 0.024462 0.031336
0 0.566414 0.817000 0.024447 0.031331
0 0.548508 0.822125 0.024447 0.031331
0 0.502445 0.837469 0.024447 0.031331
0 0.608633 0.863062 0.024447 0.031331
0 0.685391 0.833633 0.024457 0.031322
0 0.730172 0.823398 0.024457 0.031322
0 0.755758 0.811891 0.024447 0.031331
0 0.776227 0.804211 0.024442 0.031316
0 0.800531 0.796531 0.024462 0.031336
0 0.846586 0.778625 0.024447 0.031331
0 0.883687 0.761992 0.024457 0.031322
0 0.902883 0.759437 0.024447 0.031331
0 0.891367 0.700586 0.024442 0.031316
0 0.877289 0.713375 0.024447 0.031331
0 0.845313 0.723609 0.024462 0.031336
0 0.828680 0.727453 0.024447 0.031331
0 0.796695 0.733844 0.024447 0.031331
0 0.748078 0.678836 0.024457 0.031322
0 0.676438 0.705703 0.024462 0.031336
0 0.645734 0.673719 0.024462 0.031336
0 0.621430 0.687789 0.024442 0.031316
0 0.719938 0.657086 0.024457 0.031322
0 0.699469 0.593125 0.024462 0.031336
0 0.671320 0.563695 0.024442 0.031316
0 0.700742 0.559859 0.024447 0.031331
0 0.717375 0.589281 0.024462 0.031336
0 0.719938 0.549625 0.024462 0.031336
0 0.745523 0.577766 0.024447 0.031331
0 0.796695 0.628945 0.024442 0.031316
0 0.790297 0.664766 0.024462 0.031336
0 0.763430 0.632781 0.024447 0.031331
0 0.714820 0.764547 0.024447 0.031331
0 0.809492 0.623828 0.024447 0.031331
0 0.824836 0.619984 0.024447 0.031331
0 0.838914 0.614867 0.024442 0.031316
0 0.854266 0.611031 0.024462 0.031336
0 0.872180 0.600797 0.024447 0.031331
0 0.884969 0.632781 0.024462 0.031336
0 0.869617 0.641734 0.024447 0.031331
0 0.846586 0.644297 0.024447 0.031331
0 0.474305 0.210602 0.024442 0.031316
0 0.758320 0.370547 0.030316 0.021710
0 0.389867 0.245141 0.024447 0.031331
0 0.386031 0.186297 0.024462 0.031336
0 0.403937 0.185016 0.024462 0.031336
0 0.429523 0.176063 0.024447 0.031331
0 0.443602 0.168383 0.024442 0.031316
0 0.458953 0.161984 0.024462 0.031336
0 0.357883 0.193969 0.024447 0.031331
0 0.338695 0.202922 0.024447 0.031331
0 0.314383 0.211883 0.024442 0.031316
0 0.293914 0.219555 0.024442 0.031316
0 0.244023 0.163266 0.024447 0.031331
0 0.231227 0.128719 0.024447 0.031331
0 0.300312 0.141516 0.024462 0.031336
0 0.306711 0.104414 0.024442 0.031316
0 0.291359 0.108250 0.024462 0.031336
0 0.259375 0.119766 0.024462 0.031336
0 0.324625 0.100578 0.024462 0.031336
0 0.350211 0.128719 0.024447 0.031331
0 0.378352 0.118484 0.024447 0.031331
0 0.383469 0.083945 0.024457 0.031322
0 0.411617 0.067312 0.024447 0.031331
0 0.421852 0.100578 0.024447 0.031331
0 0.438484 0.095461 0.024457 0.031322
0 0.455117 0.094180 0.024442 0.031316
0 0.443602 0.059641 0.024447 0.031331
0 0.485820 0.083945 0.024442 0.031316
0 0.511406 0.076273 0.024457 0.031322
0 0.542109 0.063477 0.024457 0.031322
0 0.567695 0.124891 0.024447 0.031331
0 0.593281 0.118484 0.024462 0.031336
0 0.612469 0.114656 0.024462 0.031336
0 0.634219 0.103141 0.024462 0.031336
0 0.652133 0.098016 0.024447 0.031331
0 0.676438 0.086508 0.024457 0.031322
0 0.664922 0.150469 0.024462 0.031336
0 0.687953 0.145359 0.024462 0.031336
0 0.657250 0.014859 0.024462 0.031336
0 0.617586 0.036609 0.024447 0.031331
0 0.583047 0.046844 0.024462 0.031336
0 0.575367 0.014859 0.024447 0.031331
0 0.560016 0.018703 0.024462 0.031336
0 0.545945 0.025094 0.024447 0.031331
0 0.531875 0.030219 0.024462 0.031336
0 0.506289 0.039172 0.024447 0.031331
0 0.487094 0.045562 0.024462 0.031336
0 0.475586 0.051969 0.024447 0.031331
0 0.288797 0.039172 0.024462 0.031336
0 0.247859 0.022539 0.024457 0.031322
0 0.196195 0.062953 0.028578 0.043062
0 0.147711 0.072070 0.031396 0.051065
0 0.160852 0.333484 0.029848 0.020747
0 0.194133 0.599516 0.024447 0.031331
0 0.719938 0.000789 0.024457 0.031322
0 0.676438 0.013586 0.024457 0.031322
0 0.603516 0.004625 0.024462 0.031336
0 0.389094 0.007141 0.020891 0.021197
0 0.422055 0.004797 0.018915 0.015620
0 0.683328 0.045078 0.031223 0.024100
0 0.032813 0.053867 0.030005 0.021028
0 0.037891 0.072586 0.030005 0.021028
0 0.052266 0.107586 0.030005 0.021028
0 0.076008 0.143203 0.029864 0.031612
0 0.062891 0.130086 0.031787 0.029301
0 0.049141 0.088211 0.030005 0.021028
0 0.087883 0.155703 0.029864 0.031612
0 0.257133 0.976453 0.024231 0.031265