0 0.247305 0.534188 0.024388 0.031310
0 0.235664 0.506234 0.024388 0.031310
0 0.195141 0.435086 0.026899 0.038404
0 0.263273 0.492781 0.024388 0.031310
0 0.302930 0.513672 0.024388 0.031310
0 0.348945 0.499156 0.024388 0.031310
0 0.380102 0.489242 0.024383 0.031296
0 0.325227 0.476500 0.024388 0.031310
0 0.308242 0.480750 0.024388 0.031310
0 0.289117 0.412062 0.024388 0.031310
0 0.246992 0.393656 0.024388 0.031310
0 0.261867 0.317547 0.024388 0.031310
0 0.350008 0.358609 0.024388 0.031310
0 0.222211 0.238594 0.029932 0.031524
0 0.203445 0.251344 0.030175 0.031404
0 0.335148 0.156109 0.024388 0.031310
0 0.379039 0.141242 0.024383 0.031296
0 0.408070 0.130625 0.024388 0.031310
0 0.451977 0.115047 0.024388 0.031310
0 0.482055 0.105133 0.024383 0.031296
0 0.511805 0.095578 0.024388 0.031310
0 0.544367 0.087789 0.024383 0.031296
0 0.560648 0.157883 0.024383 0.031296
0 0.536930 0.163898 0.024383 0.031296
0 0.567023 0.213461 0.024383 0.031296
0 0.589328 0.206031 0.024403 0.031315
0 0.525602 0.226203 0.024388 0.031310
0 0.493383 0.177703 0.024388 0.031310
0 0.472148 0.186555 0.024383 0.031296
0 0.630555 0.053789 0.019769 0.026185
0 0.616227 0.059469 0.019764 0.026170
0 0.599945 0.063008 0.019769 0.026185
0 0.586148 0.067961 0.019769 0.026185
0 0.571273 0.074336 0.019769 0.026185
0 0.557117 0.079289 0.019769 0.026185
0 0.720242 0.025586 0.020340 0.027806
0 0.703477 0.027992 0.020786 0.029074
0 0.675000 0.040352 0.019784 0.026190
0 0.661898 0.043539 0.019769 0.026185
0 0.645977 0.048492 0.019769 0.026185
0 0.689508 0.033977 0.019769 0.026185
0 0.792883 0.031852 0.018519 0.025831
0 0.734117 0.020172 0.019764 0.026170
0 0.764211 0.021945 0.018519 0.025831
0 0.808109 0.039641 0.018530 0.025820
0 0.822977 0.044953 0.018515 0.025816
0 0.790148 0.150547 0.020864 0.026394
0 0.725883 0.176180 0.020870 0.026409
0 0.701945 0.182570 0.020870 0.026409
0 0.748219 0.240805 0.020884 0.026415
0 0.642727 0.291539 0.020870 0.026409
0 0.665898 0.124891 0.021345 0.035500
0 0.529070 0.300000 0.020864 0.026394
0 0.501758 0.236094 0.024388 0.031310
0 0.459148 0.249203 0.024388 0.031310
0 0.357539 0.278695 0.024383 0.031296
0 0.389227 0.372656 0.024388 0.031310
0 0.415992 0.367734 0.024388 0.031310
0 0.423633 0.331688 0.024388 0.031310
0 0.493289 0.343313 0.026039 0.035997
0 0.462969 0.354078 0.024403 0.031315
0 0.510492 0.339875 0.024388 0.031310
0 0.539445 0.328953 0.024388 0.031310
0 0.554742 0.327313 0.024388 0.031310
0 0.567852 0.322945 0.024383 0.031296
0 0.584242 0.319125 0.024388 0.031310
0 0.588070 0.279789 0.024383 0.031296
0 0.603367 0.275422 0.024388 0.031310
0 0.627945 0.299453 0.024388 0.031310
0 0.651430 0.362273 0.024383 0.031296
0 0.658539 0.391773 0.024383 0.031296
0 0.674914 0.386313 0.024388 0.031310
0 0.615930 0.410344 0.024388 0.031310
0 0.604992 0.377023 0.024383 0.031296
0 0.574961 0.389047 0.024388 0.031310
0 0.587523 0.419094 0.024388 0.031310
0 0.562930 0.394508 0.024383 0.031296
0 0.547641 0.398875 0.024403 0.031315
0 0.531805 0.404336 0.024383 0.031296
0 0.543273 0.434930 0.024383 0.031296
0 0.665977 0.357797 0.023693 0.029335
0 0.450945 0.293992 0.030849 0.023044
0 0.359156 0.311461 0.025483 0.016975
0 0.245555 0.255750 0.031235 0.030453
0 0.147352 0.443211 0.029739 0.046505
0 0.383266 0.455492 0.024398 0.031301
0 0.413914 0.443063 0.024388 0.031310
0 0.444570 0.433125 0.024388 0.031310
0 0.452852 0.465438 0.024388 0.031310
0 0.484336 0.453836 0.024383 0.031296
0 0.514148 0.446383 0.024383 0.031296
0 0.501727 0.412414 0.024383 0.031296
0 0.487648 0.421531 0.024388 0.031310
0 0.474398 0.428156 0.024388 0.031310
0 0.438773 0.467922 0.024388 0.031310
0 0.423852 0.473719 0.024388 0.031310
0 0.293789 0.592180 0.024383 0.031296
0 0.308711 0.586383 0.024383 0.031296
0 0.340156 0.575625 0.024462 0.031336
0 0.353445 0.568156 0.024388 0.031310
0 0.384102 0.562359 0.024388 0.031310
0 0.402320 0.556562 0.024388 0.031310
0 0.428828 0.547445 0.024398 0.031301
0 0.443742 0.542477 0.024383 0.031296
0 0.457820 0.536680 0.024383 0.031296
0 0.568008 0.499398 0.024383 0.031296
0 0.591195 0.490281 0.024388 0.031310
0 0.612742 0.484484 0.024388 0.031310
0 0.636758 0.477031 0.024388 0.031310
0 0.654992 0.470406 0.024388 0.031310
0 0.678180 0.461289 0.024383 0.031296
0 0.722086 0.375141 0.024388 0.031310
0 0.682320 0.419039 0.030533 0.022221
0 0.053555 0.481172 0.030548 0.022225
0 0.041961 0.446383 0.030533 0.022221
0 0.031195 0.427328 0.030548 0.022225
0 0.049414 0.461289 0.030533 0.022221
0 0.060180 0.502711 0.030533 0.022221
0 0.071773 0.518453 0.030895 0.030867
0 0.086695 0.529219 0.028927 0.031819
0 0.162914 0.708156 0.029199 0.019270
0 0.386898 0.617555 0.024442 0.031316
0 0.473023 0.584125 0.024447 0.031331
0 0.664523 0.525352 0.024442 0.031316
0 0.688836 0.518266 0.024447 0.031331
0 0.664719 0.600625 0.024462 0.031336
0 0.648227 0.605242 0.024442 0.031316
0 0.634367 0.609859 0.024447 0.031331
0 0.642945 0.638883 0.024442 0.031316
0 0.658781 0.634922 0.024462 0.031336
0 0.673289 0.630969 0.024447 0.031331
0 0.689781 0.625031 0.024462 0.031336
0 0.702977 0.617773 0.024442 0.031316
0 0.720789 0.611836 0.024442 0.031316
0 0.728047 0.579516 0.024462 0.031336
0 0.710234 0.584789 0.024457 0.031322
0 0.693742 0.589406 0.024447 0.031331
0 0.679891 0.596008 0.024457 0.031322
0 0.728703 0.685719 0.024462 0.031336
0 0.741242 0.681102 0.024442 0.031316
0 0.757734 0.677805 0.024457 0.031322
0 0.608641 0.619094 0.024462 0.031336
0 0.616555 0.648125 0.024447 0.031331
0 0.590828 0.622391 0.024462 0.031336
0 0.575000 0.629648 0.024457 0.031322
0 0.584891 0.659336 0.024457 0.031322
0 0.556523 0.670547 0.024447 0.031331
0 0.545969 0.638227 0.024457 0.031322
0 0.514969 0.647461 0.024457 0.031322
0 0.524203 0.678469 0.024462 0.031336
0 0.472086 0.661969 0.024447 0.031331
0 0.481984 0.693641 0.024462 0.031336
0 0.453617 0.704195 0.024442 0.031316
0 0.406781 0.718047 0.024462 0.031336
0 0.364555 0.698258 0.024442 0.031316
0 0.348727 0.738500 0.024447 0.031331
0 0.317063 0.750375 0.024462 0.031336
0 0.271539 0.763563 0.024447 0.031331
0 0.237898 0.777422 0.024447 0.031331
0 0.200297 0.787969 0.024462 0.031336
0 0.191719 0.863180 0.024457 0.031322
0 0.260328 0.874391 0.024462 0.031336
0 0.291336 0.863180 0.024442 0.031316
0 0.321016 0.854602 0.024457 0.031322
0 0.336852 0.848000 0.024447 0.031331
0 0.352023 0.842070 0.024442 0.031316
0 0.369180 0.840094 0.024447 0.031331
0 0.396219 0.831516 0.024462 0.031336
0 0.401500 0.794570 0.024457 0.031322
0 0.426570 0.820953 0.024447 0.031331
0 0.429867 0.783359 0.024447 0.031331
0 0.459555 0.774117 0.024442 0.031316
0 0.469445 0.803805 0.024442 0.031316
0 0.497813 0.796547 0.024462 0.031336
0 0.487258 0.763563 0.024447 0.031331
0 0.514969 0.753016 0.024462 0.031336
0 0.529477 0.782695 0.024442 0.031316
0 0.571039 0.769500 0.024447 0.031331
0 0.588195 0.762906 0.024447 0.031331
0 0.578297 0.731898 0.024457 0.031322
0 0.561148 0.739156 0.024447 0.031331
0 0.546633 0.746414 0.024442 0.031316
0 0.737937 0.712766 0.024462 0.031336
0 0.804570 0.684406 0.018342 0.028689
0 0.799289 0.767523 0.024442 0.031316
0 0.720133 0.724641 0.024447 0.031331
0 0.711555 0.687703 0.024447 0.031331
0 0.697695 0.694297 0.024447 0.031331
0 0.681867 0.698258 0.024442 0.031316
0 0.666031 0.703531 0.024462 0.031336
0 0.652180 0.708156 0.024447 0.031331
0 0.637008 0.714750 0.024447 0.031331
0 0.622492 0.720688 0.024447 0.031331
0 0.607984 0.725305 0.024457 0.031322
0 0.646906 0.748391 0.024462 0.031336
0 0.691758 0.729922 0.024447 0.031331
0 0.593469 0.729922 0.024462 0.031336
0 0.801930 0.824914 0.024442 0.031316
0 0.759047 0.742453 0.031751 0.026127
0 0.534094 0.855266 0.024462 0.031336
0 0.505734 0.866477 0.024457 0.031322
0 0.488578 0.870437 0.024462 0.031336
0 0.388969 0.904734 0.024462 0.031336
0 0.327617 0.927172 0.024447 0.031331
0 0.193695 0.972031 0.024447 0.031331
0 0.344766 0.979938 0.024462 0.031336
0 0.386984 0.962133 0.024457 0.031322
0 0.449000 0.944320 0.024457 0.031322
0 0.410078 0.969391 0.024462 0.031336
0 0.286641 0.993227 0.021123 0.022953
0 0.495836 0.927828 0.024447 0.031331
0 0.509031 0.923867 0.024457 0.031322
0 0.537398 0.914633 0.024442 0.031316
0 0.565766 0.904078 0.024462 0.031336
0 0.584234 0.898797 0.024462 0.031336
0 0.602703 0.892203 0.024462 0.031336
0 0.623156 0.887586 0.024457 0.031322
0 0.704953 0.933102 0.024457 0.031322
0 0.716828 0.957516 0.024462 0.031336
0 0.697695 0.963453 0.024447 0.031331
0 0.721445 0.923867 0.024442 0.031316
0 0.745195 0.948937 0.024447 0.031331
0 0.750477 0.913977 0.024442 0.031316
0 0.794672 0.898141 0.024462 0.031336
0 0.778180 0.903422 0.024447 0.031331
0 0.791375 0.933102 0.024457 0.031322
0 0.818422 0.927828 0.024462 0.031336
0 0.651523 0.949594 0.024447 0.031331
0 0.631727 0.954875 0.024447 0.031331
0 0.613922 0.958172 0.024462 0.031336
0 0.590828 0.966750 0.024462 0.031336
0 0.575000 0.974000 0.024462 0.031336
0 0.561148 0.979281 0.024447 0.031331
0 0.544648 0.986539 0.024442 0.031316
0 0.510352 0.987859 0.024447 0.031331
0 0.615289 0.988875 0.021914 0.024139
0 0.822977 0.888797 0.023180 0.030885
0 0.835312 0.921219 0.024462 0.031336
0 0.851102 0.912797 0.024447 0.031331
0 0.871633 0.972789 0.024442 0.031316
0 0.856367 0.982789 0.024442 0.031316
0 0.840578 0.985422 0.024462 0.031336
0 0.824875 0.990758 0.022183 0.024866
0 0.809891 0.992070 0.021633 0.023304
0 0.792914 0.994148 0.019781 0.018082
0 0.597523 0.991742 0.021484 0.022916